c blocks.dat
p cnf356 5330
1 0
-2 0
-3 0
-4 0
5 0
-6 0
-7 0
-8 0
9 0
-10 0
-11 0
-12 0
13 0
-14 0
-15 0
-16 0
-17 1 0
-17 13 0
-17 18 0
-17 -19 0
-17 20 0
-17 -21 0
-17 22 0
-23 1 0
-23 13 0
-23 24 0
-23 -19 0
-23 25 0
-23 -26 0
-23 22 0
-27 28 0
-27 13 0
-27 29 0
-27 -30 0
-27 31 0
-27 -32 0
-27 33 0
-34 28 0
-34 13 0
-34 24 0
-34 -30 0
-34 25 0
-34 -26 0
-34 33 0
-35 36 0
-35 13 0
-35 29 0
-35 -37 0
-35 31 0
-35 -32 0
-35 38 0
-39 36 0
-39 13 0
-39 18 0
-39 -37 0
-39 20 0
-39 -21 0
-39 38 0
-40 41 0
-40 29 0
-40 18 0
-40 -42 0
-40 43 0
-40 -21 0
-40 44 0
-45 41 0
-45 29 0
-45 24 0
-45 -42 0
-45 46 0
-45 -26 0
-45 44 0
-47 5 0
-47 29 0
-47 13 0
-47 -48 0
-47 49 0
-47 -50 0
-47 33 0
-51 5 0
-51 29 0
-51 24 0
-51 -48 0
-51 46 0
-51 -26 0
-51 33 0
-52 53 0
-52 29 0
-52 13 0
-52 -54 0
-52 49 0
-52 -50 0
-52 38 0
-55 53 0
-55 29 0
-55 18 0
-55 -54 0
-55 43 0
-55 -21 0
-55 38 0
-56 57 0
-56 18 0
-56 29 0
-56 -58 0
-56 59 0
-56 -32 0
-56 44 0
-60 57 0
-60 18 0
-60 24 0
-60 -58 0
-60 61 0
-60 -26 0
-60 44 0
-62 63 0
-62 18 0
-62 13 0
-62 -64 0
-62 65 0
-62 -50 0
-62 22 0
-66 63 0
-66 18 0
-66 24 0
-66 -64 0
-66 61 0
-66 -26 0
-66 22 0
-67 9 0
-67 18 0
-67 13 0
-67 -68 0
-67 65 0
-67 -50 0
-67 38 0
-69 9 0
-69 18 0
-69 29 0
-69 -68 0
-69 59 0
-69 -32 0
-69 38 0
-70 71 0
-70 24 0
-70 29 0
-70 -72 0
-70 73 0
-70 -32 0
-70 44 0
-74 71 0
-74 24 0
-74 18 0
-74 -72 0
-74 75 0
-74 -21 0
-74 44 0
-76 77 0
-76 24 0
-76 13 0
-76 -78 0
-76 79 0
-76 -50 0
-76 22 0
-80 77 0
-80 24 0
-80 18 0
-80 -78 0
-80 75 0
-80 -21 0
-80 22 0
-81 82 0
-81 24 0
-81 13 0
-81 -83 0
-81 79 0
-81 -50 0
-81 33 0
-84 82 0
-84 24 0
-84 29 0
-84 -83 0
-84 73 0
-84 -32 0
-84 33 0
-85 1 0
-85 13 0
-85 -19 0
-85 86 0
-85 22 0
-87 28 0
-87 13 0
-87 -30 0
-87 86 0
-87 33 0
-88 36 0
-88 13 0
-88 -37 0
-88 86 0
-88 38 0
-89 41 0
-89 29 0
-89 -42 0
-89 90 0
-89 44 0
-91 5 0
-91 29 0
-91 -48 0
-91 90 0
-91 33 0
-92 53 0
-92 29 0
-92 -54 0
-92 90 0
-92 38 0
-93 57 0
-93 18 0
-93 -58 0
-93 94 0
-93 44 0
-95 63 0
-95 18 0
-95 -64 0
-95 94 0
-95 22 0
-96 9 0
-96 18 0
-96 -68 0
-96 94 0
-96 38 0
-97 71 0
-97 24 0
-97 -72 0
-97 98 0
-97 44 0
-99 77 0
-99 24 0
-99 -78 0
-99 98 0
-99 22 0
-100 82 0
-100 24 0
-100 -83 0
-100 98 0
-100 33 0
36 -17 -37 0
41 -17 -42 0
5 -17 -48 0
53 -17 -54 0
57 -17 -58 0
63 -17 -64 0
9 -17 -68 0
71 -17 -72 0
77 -17 -78 0
82 -17 -83 0
13 -17 -50 0
24 -17 -26 0
-3 -17 25 0
-4 -17 49 0
-101 -17 43 0
-6 -17 46 0
-7 -17 65 0
-8 -17 59 0
-102 -17 61 0
-10 -17 79 0
-11 -17 73 0
-12 -17 75 0
-103 -17 44 0
-16 -17 38 0
28 -23 -30 0
41 -23 -42 0
5 -23 -48 0
53 -23 -54 0
57 -23 -58 0
63 -23 -64 0
9 -23 -68 0
71 -23 -72 0
77 -23 -78 0
82 -23 -83 0
13 -23 -50 0
18 -23 -21 0
-2 -23 20 0
-4 -23 49 0
-101 -23 43 0
-6 -23 46 0
-7 -23 65 0
-8 -23 59 0
-102 -23 61 0
-10 -23 79 0
-11 -23 73 0
-12 -23 75 0
-103 -23 44 0
-15 -23 33 0
36 -27 -37 0
41 -27 -42 0
5 -27 -48 0
53 -27 -54 0
57 -27 -58 0
63 -27 -64 0
9 -27 -68 0
71 -27 -72 0
77 -27 -78 0
82 -27 -83 0
13 -27 -50 0
24 -27 -26 0
-3 -27 25 0
-4 -27 49 0
-101 -27 43 0
-6 -27 46 0
-7 -27 65 0
-8 -27 59 0
-102 -27 61 0
-10 -27 79 0
-11 -27 73 0
-12 -27 75 0
-103 -27 44 0
-16 -27 38 0
1 -34 -19 0
41 -34 -42 0
5 -34 -48 0
53 -34 -54 0
57 -34 -58 0
63 -34 -64 0
9 -34 -68 0
71 -34 -72 0
77 -34 -78 0
82 -34 -83 0
13 -34 -50 0
29 -34 -32 0
-104 -34 31 0
-4 -34 49 0
-101 -34 43 0
-6 -34 46 0
-7 -34 65 0
-8 -34 59 0
-102 -34 61 0
-10 -34 79 0
-11 -34 73 0
-12 -34 75 0
-103 -34 44 0
-14 -34 22 0
28 -35 -30 0
41 -35 -42 0
5 -35 -48 0
53 -35 -54 0
57 -35 -58 0
63 -35 -64 0
9 -35 -68 0
71 -35 -72 0
77 -35 -78 0
82 -35 -83 0
13 -35 -50 0
18 -35 -21 0
-2 -35 20 0
-4 -35 49 0
-101 -35 43 0
-6 -35 46 0
-7 -35 65 0
-8 -35 59 0
-102 -35 61 0
-10 -35 79 0
-11 -35 73 0
-12 -35 75 0
-103 -35 44 0
-15 -35 33 0
1 -39 -19 0
41 -39 -42 0
5 -39 -48 0
53 -39 -54 0
57 -39 -58 0
63 -39 -64 0
9 -39 -68 0
71 -39 -72 0
77 -39 -78 0
82 -39 -83 0
13 -39 -50 0
29 -39 -32 0
-104 -39 31 0
-4 -39 49 0
-101 -39 43 0
-6 -39 46 0
-7 -39 65 0
-8 -39 59 0
-102 -39 61 0
-10 -39 79 0
-11 -39 73 0
-12 -39 75 0
-103 -39 44 0
-14 -39 22 0
1 -40 -19 0
28 -40 -30 0
36 -40 -37 0
53 -40 -54 0
57 -40 -58 0
63 -40 -64 0
9 -40 -68 0
71 -40 -72 0
77 -40 -78 0
82 -40 -83 0
29 -40 -32 0
24 -40 -26 0
-104 -40 31 0
-2 -40 20 0
-3 -40 25 0
-6 -40 46 0
-7 -40 65 0
-8 -40 59 0
-102 -40 61 0
-10 -40 79 0
-11 -40 73 0
-12 -40 75 0
-14 -40 22 0
-16 -40 38 0
1 -45 -19 0
28 -45 -30 0
36 -45 -37 0
5 -45 -48 0
57 -45 -58 0
63 -45 -64 0
9 -45 -68 0
71 -45 -72 0
77 -45 -78 0
82 -45 -83 0
29 -45 -32 0
18 -45 -21 0
-104 -45 31 0
-2 -45 20 0
-3 -45 25 0
-101 -45 43 0
-7 -45 65 0
-8 -45 59 0
-102 -45 61 0
-10 -45 79 0
-11 -45 73 0
-12 -45 75 0
-14 -45 22 0
-15 -45 33 0
1 -47 -19 0
28 -47 -30 0
36 -47 -37 0
53 -47 -54 0
57 -47 -58 0
63 -47 -64 0
9 -47 -68 0
71 -47 -72 0
77 -47 -78 0
82 -47 -83 0
29 -47 -32 0
24 -47 -26 0
-104 -47 31 0
-2 -47 20 0
-3 -47 25 0
-6 -47 46 0
-7 -47 65 0
-8 -47 59 0
-102 -47 61 0
-10 -47 79 0
-11 -47 73 0
-12 -47 75 0
-14 -47 22 0
-16 -47 38 0
1 -51 -19 0
28 -51 -30 0
36 -51 -37 0
41 -51 -42 0
57 -51 -58 0
63 -51 -64 0
9 -51 -68 0
71 -51 -72 0
77 -51 -78 0
82 -51 -83 0
13 -51 -50 0
29 -51 -32 0
-104 -51 31 0
-2 -51 20 0
-3 -51 25 0
-4 -51 49 0
-7 -51 65 0
-8 -51 59 0
-102 -51 61 0
-10 -51 79 0
-11 -51 73 0
-12 -51 75 0
-103 -51 44 0
-14 -51 22 0
1 -52 -19 0
28 -52 -30 0
36 -52 -37 0
5 -52 -48 0
57 -52 -58 0
63 -52 -64 0
9 -52 -68 0
71 -52 -72 0
77 -52 -78 0
82 -52 -83 0
29 -52 -32 0
18 -52 -21 0
-104 -52 31 0
-2 -52 20 0
-3 -52 25 0
-101 -52 43 0
-7 -52 65 0
-8 -52 59 0
-102 -52 61 0
-10 -52 79 0
-11 -52 73 0
-12 -52 75 0
-14 -52 22 0
-15 -52 33 0
1 -55 -19 0
28 -55 -30 0
36 -55 -37 0
41 -55 -42 0
57 -55 -58 0
63 -55 -64 0
9 -55 -68 0
71 -55 -72 0
77 -55 -78 0
82 -55 -83 0
13 -55 -50 0
29 -55 -32 0
-104 -55 31 0
-2 -55 20 0
-3 -55 25 0
-4 -55 49 0
-7 -55 65 0
-8 -55 59 0
-102 -55 61 0
-10 -55 79 0
-11 -55 73 0
-12 -55 75 0
-103 -55 44 0
-14 -55 22 0
1 -56 -19 0
28 -56 -30 0
36 -56 -37 0
41 -56 -42 0
5 -56 -48 0
53 -56 -54 0
9 -56 -68 0
71 -56 -72 0
77 -56 -78 0
82 -56 -83 0
18 -56 -21 0
24 -56 -26 0
-104 -56 31 0
-2 -56 20 0
-3 -56 25 0
-4 -56 49 0
-101 -56 43 0
-6 -56 46 0
-102 -56 61 0
-10 -56 79 0
-11 -56 73 0
-12 -56 75 0
-15 -56 33 0
-16 -56 38 0
1 -60 -19 0
28 -60 -30 0
36 -60 -37 0
41 -60 -42 0
5 -60 -48 0
53 -60 -54 0
63 -60 -64 0
71 -60 -72 0
77 -60 -78 0
82 -60 -83 0
29 -60 -32 0
18 -60 -21 0
-104 -60 31 0
-2 -60 20 0
-3 -60 25 0
-4 -60 49 0
-101 -60 43 0
-6 -60 46 0
-8 -60 59 0
-10 -60 79 0
-11 -60 73 0
-12 -60 75 0
-14 -60 22 0
-15 -60 33 0
1 -62 -19 0
28 -62 -30 0
36 -62 -37 0
41 -62 -42 0
5 -62 -48 0
53 -62 -54 0
9 -62 -68 0
71 -62 -72 0
77 -62 -78 0
82 -62 -83 0
18 -62 -21 0
24 -62 -26 0
-104 -62 31 0
-2 -62 20 0
-3 -62 25 0
-4 -62 49 0
-101 -62 43 0
-6 -62 46 0
-102 -62 61 0
-10 -62 79 0
-11 -62 73 0
-12 -62 75 0
-15 -62 33 0
-16 -62 38 0
1 -66 -19 0
28 -66 -30 0
36 -66 -37 0
41 -66 -42 0
5 -66 -48 0
53 -66 -54 0
57 -66 -58 0
71 -66 -72 0
77 -66 -78 0
82 -66 -83 0
13 -66 -50 0
18 -66 -21 0
-104 -66 31 0
-2 -66 20 0
-3 -66 25 0
-4 -66 49 0
-101 -66 43 0
-6 -66 46 0
-7 -66 65 0
-10 -66 79 0
-11 -66 73 0
-12 -66 75 0
-103 -66 44 0
-15 -66 33 0
1 -67 -19 0
28 -67 -30 0
36 -67 -37 0
41 -67 -42 0
5 -67 -48 0
53 -67 -54 0
63 -67 -64 0
71 -67 -72 0
77 -67 -78 0
82 -67 -83 0
29 -67 -32 0
18 -67 -21 0
-104 -67 31 0
-2 -67 20 0
-3 -67 25 0
-4 -67 49 0
-101 -67 43 0
-6 -67 46 0
-8 -67 59 0
-10 -67 79 0
-11 -67 73 0
-12 -67 75 0
-14 -67 22 0
-15 -67 33 0
1 -69 -19 0
28 -69 -30 0
36 -69 -37 0
41 -69 -42 0
5 -69 -48 0
53 -69 -54 0
57 -69 -58 0
71 -69 -72 0
77 -69 -78 0
82 -69 -83 0
13 -69 -50 0
18 -69 -21 0
-104 -69 31 0
-2 -69 20 0
-3 -69 25 0
-4 -69 49 0
-101 -69 43 0
-6 -69 46 0
-7 -69 65 0
-10 -69 79 0
-11 -69 73 0
-12 -69 75 0
-103 -69 44 0
-15 -69 33 0
1 -70 -19 0
28 -70 -30 0
36 -70 -37 0
41 -70 -42 0
5 -70 -48 0
53 -70 -54 0
57 -70 -58 0
63 -70 -64 0
9 -70 -68 0
82 -70 -83 0
18 -70 -21 0
24 -70 -26 0
-104 -70 31 0
-2 -70 20 0
-3 -70 25 0
-4 -70 49 0
-101 -70 43 0
-6 -70 46 0
-7 -70 65 0
-8 -70 59 0
-102 -70 61 0
-12 -70 75 0
-15 -70 33 0
-16 -70 38 0
1 -74 -19 0
28 -74 -30 0
36 -74 -37 0
41 -74 -42 0
5 -74 -48 0
53 -74 -54 0
57 -74 -58 0
63 -74 -64 0
9 -74 -68 0
77 -74 -78 0
29 -74 -32 0
24 -74 -26 0
-104 -74 31 0
-2 -74 20 0
-3 -74 25 0
-4 -74 49 0
-101 -74 43 0
-6 -74 46 0
-7 -74 65 0
-8 -74 59 0
-102 -74 61 0
-11 -74 73 0
-14 -74 22 0
-16 -74 38 0
1 -76 -19 0
28 -76 -30 0
36 -76 -37 0
41 -76 -42 0
5 -76 -48 0
53 -76 -54 0
57 -76 -58 0
63 -76 -64 0
9 -76 -68 0
82 -76 -83 0
18 -76 -21 0
24 -76 -26 0
-104 -76 31 0
-2 -76 20 0
-3 -76 25 0
-4 -76 49 0
-101 -76 43 0
-6 -76 46 0
-7 -76 65 0
-8 -76 59 0
-102 -76 61 0
-12 -76 75 0
-15 -76 33 0
-16 -76 38 0
1 -80 -19 0
28 -80 -30 0
36 -80 -37 0
41 -80 -42 0
5 -80 -48 0
53 -80 -54 0
57 -80 -58 0
63 -80 -64 0
9 -80 -68 0
71 -80 -72 0
13 -80 -50 0
24 -80 -26 0
-104 -80 31 0
-2 -80 20 0
-3 -80 25 0
-4 -80 49 0
-101 -80 43 0
-6 -80 46 0
-7 -80 65 0
-8 -80 59 0
-102 -80 61 0
-10 -80 79 0
-103 -80 44 0
-16 -80 38 0
1 -81 -19 0
28 -81 -30 0
36 -81 -37 0
41 -81 -42 0
5 -81 -48 0
53 -81 -54 0
57 -81 -58 0
63 -81 -64 0
9 -81 -68 0
77 -81 -78 0
29 -81 -32 0
24 -81 -26 0
-104 -81 31 0
-2 -81 20 0
-3 -81 25 0
-4 -81 49 0
-101 -81 43 0
-6 -81 46 0
-7 -81 65 0
-8 -81 59 0
-102 -81 61 0
-11 -81 73 0
-14 -81 22 0
-16 -81 38 0
1 -84 -19 0
28 -84 -30 0
36 -84 -37 0
41 -84 -42 0
5 -84 -48 0
53 -84 -54 0
57 -84 -58 0
63 -84 -64 0
9 -84 -68 0
71 -84 -72 0
13 -84 -50 0
24 -84 -26 0
-104 -84 31 0
-2 -84 20 0
-3 -84 25 0
-4 -84 49 0
-101 -84 43 0
-6 -84 46 0
-7 -84 65 0
-8 -84 59 0
-102 -84 61 0
-10 -84 79 0
-103 -84 44 0
-16 -84 38 0
28 -85 -30 0
36 -85 -37 0
41 -85 -42 0
5 -85 -48 0
53 -85 -54 0
57 -85 -58 0
63 -85 -64 0
9 -85 -68 0
71 -85 -72 0
77 -85 -78 0
82 -85 -83 0
13 -85 -50 0
18 -85 -21 0
24 -85 -26 0
-2 -85 20 0
-3 -85 25 0
-4 -85 49 0
-101 -85 43 0
-6 -85 46 0
-7 -85 65 0
-8 -85 59 0
-102 -85 61 0
-10 -85 79 0
-11 -85 73 0
-12 -85 75 0
-103 -85 44 0
-15 -85 33 0
-16 -85 38 0
1 -87 -19 0
36 -87 -37 0
41 -87 -42 0
5 -87 -48 0
53 -87 -54 0
57 -87 -58 0
63 -87 -64 0
9 -87 -68 0
71 -87 -72 0
77 -87 -78 0
82 -87 -83 0
13 -87 -50 0
29 -87 -32 0
24 -87 -26 0
-104 -87 31 0
-3 -87 25 0
-4 -87 49 0
-101 -87 43 0
-6 -87 46 0
-7 -87 65 0
-8 -87 59 0
-102 -87 61 0
-10 -87 79 0
-11 -87 73 0
-12 -87 75 0
-103 -87 44 0
-14 -87 22 0
-16 -87 38 0
1 -88 -19 0
28 -88 -30 0
41 -88 -42 0
5 -88 -48 0
53 -88 -54 0
57 -88 -58 0
63 -88 -64 0
9 -88 -68 0
71 -88 -72 0
77 -88 -78 0
82 -88 -83 0
13 -88 -50 0
29 -88 -32 0
18 -88 -21 0
-104 -88 31 0
-2 -88 20 0
-4 -88 49 0
-101 -88 43 0
-6 -88 46 0
-7 -88 65 0
-8 -88 59 0
-102 -88 61 0
-10 -88 79 0
-11 -88 73 0
-12 -88 75 0
-103 -88 44 0
-14 -88 22 0
-15 -88 33 0
1 -89 -19 0
28 -89 -30 0
36 -89 -37 0
5 -89 -48 0
53 -89 -54 0
57 -89 -58 0
63 -89 -64 0
9 -89 -68 0
71 -89 -72 0
77 -89 -78 0
82 -89 -83 0
29 -89 -32 0
18 -89 -21 0
24 -89 -26 0
-104 -89 31 0
-2 -89 20 0
-3 -89 25 0
-101 -89 43 0
-6 -89 46 0
-7 -89 65 0
-8 -89 59 0
-102 -89 61 0
-10 -89 79 0
-11 -89 73 0
-12 -89 75 0
-14 -89 22 0
-15 -89 33 0
-16 -89 38 0
1 -91 -19 0
28 -91 -30 0
36 -91 -37 0
41 -91 -42 0
53 -91 -54 0
57 -91 -58 0
63 -91 -64 0
9 -91 -68 0
71 -91 -72 0
77 -91 -78 0
82 -91 -83 0
13 -91 -50 0
29 -91 -32 0
24 -91 -26 0
-104 -91 31 0
-2 -91 20 0
-3 -91 25 0
-4 -91 49 0
-6 -91 46 0
-7 -91 65 0
-8 -91 59 0
-102 -91 61 0
-10 -91 79 0
-11 -91 73 0
-12 -91 75 0
-103 -91 44 0
-14 -91 22 0
-16 -91 38 0
1 -92 -19 0
28 -92 -30 0
36 -92 -37 0
41 -92 -42 0
5 -92 -48 0
57 -92 -58 0
63 -92 -64 0
9 -92 -68 0
71 -92 -72 0
77 -92 -78 0
82 -92 -83 0
13 -92 -50 0
29 -92 -32 0
18 -92 -21 0
-104 -92 31 0
-2 -92 20 0
-3 -92 25 0
-4 -92 49 0
-101 -92 43 0
-7 -92 65 0
-8 -92 59 0
-102 -92 61 0
-10 -92 79 0
-11 -92 73 0
-12 -92 75 0
-103 -92 44 0
-14 -92 22 0
-15 -92 33 0
1 -93 -19 0
28 -93 -30 0
36 -93 -37 0
41 -93 -42 0
5 -93 -48 0
53 -93 -54 0
63 -93 -64 0
9 -93 -68 0
71 -93 -72 0
77 -93 -78 0
82 -93 -83 0
29 -93 -32 0
18 -93 -21 0
24 -93 -26 0
-104 -93 31 0
-2 -93 20 0
-3 -93 25 0
-4 -93 49 0
-101 -93 43 0
-6 -93 46 0
-8 -93 59 0
-102 -93 61 0
-10 -93 79 0
-11 -93 73 0
-12 -93 75 0
-14 -93 22 0
-15 -93 33 0
-16 -93 38 0
1 -95 -19 0
28 -95 -30 0
36 -95 -37 0
41 -95 -42 0
5 -95 -48 0
53 -95 -54 0
57 -95 -58 0
9 -95 -68 0
71 -95 -72 0
77 -95 -78 0
82 -95 -83 0
13 -95 -50 0
18 -95 -21 0
24 -95 -26 0
-104 -95 31 0
-2 -95 20 0
-3 -95 25 0
-4 -95 49 0
-101 -95 43 0
-6 -95 46 0
-7 -95 65 0
-102 -95 61 0
-10 -95 79 0
-11 -95 73 0
-12 -95 75 0
-103 -95 44 0
-15 -95 33 0
-16 -95 38 0
1 -96 -19 0
28 -96 -30 0
36 -96 -37 0
41 -96 -42 0
5 -96 -48 0
53 -96 -54 0
57 -96 -58 0
63 -96 -64 0
71 -96 -72 0
77 -96 -78 0
82 -96 -83 0
13 -96 -50 0
29 -96 -32 0
18 -96 -21 0
-104 -96 31 0
-2 -96 20 0
-3 -96 25 0
-4 -96 49 0
-101 -96 43 0
-6 -96 46 0
-7 -96 65 0
-8 -96 59 0
-10 -96 79 0
-11 -96 73 0
-12 -96 75 0
-103 -96 44 0
-14 -96 22 0
-15 -96 33 0
1 -97 -19 0
28 -97 -30 0
36 -97 -37 0
41 -97 -42 0
5 -97 -48 0
53 -97 -54 0
57 -97 -58 0
63 -97 -64 0
9 -97 -68 0
77 -97 -78 0
82 -97 -83 0
29 -97 -32 0
18 -97 -21 0
24 -97 -26 0
-104 -97 31 0
-2 -97 20 0
-3 -97 25 0
-4 -97 49 0
-101 -97 43 0
-6 -97 46 0
-7 -97 65 0
-8 -97 59 0
-102 -97 61 0
-11 -97 73 0
-12 -97 75 0
-14 -97 22 0
-15 -97 33 0
-16 -97 38 0
1 -99 -19 0
28 -99 -30 0
36 -99 -37 0
41 -99 -42 0
5 -99 -48 0
53 -99 -54 0
57 -99 -58 0
63 -99 -64 0
9 -99 -68 0
71 -99 -72 0
82 -99 -83 0
13 -99 -50 0
18 -99 -21 0
24 -99 -26 0
-104 -99 31 0
-2 -99 20 0
-3 -99 25 0
-4 -99 49 0
-101 -99 43 0
-6 -99 46 0
-7 -99 65 0
-8 -99 59 0
-102 -99 61 0
-10 -99 79 0
-12 -99 75 0
-103 -99 44 0
-15 -99 33 0
-16 -99 38 0
1 -100 -19 0
28 -100 -30 0
36 -100 -37 0
41 -100 -42 0
5 -100 -48 0
53 -100 -54 0
57 -100 -58 0
63 -100 -64 0
9 -100 -68 0
71 -100 -72 0
77 -100 -78 0
13 -100 -50 0
29 -100 -32 0
24 -100 -26 0
-104 -100 31 0
-2 -100 20 0
-3 -100 25 0
-4 -100 49 0
-101 -100 43 0
-6 -100 46 0
-7 -100 65 0
-8 -100 59 0
-102 -100 61 0
-10 -100 79 0
-11 -100 73 0
-103 -100 44 0
-14 -100 22 0
-16 -100 38 0
105 106 107 108 109 110 111 112 113 114 115 116 117 118 119 120 121 122 123 124 125 126 127 128 129 130 131 132 133 134 135 136 137 138 139 140 0
-17 -23 0
-17 -27 0
-17 -34 0
-17 -35 0
-17 -39 0
-17 -40 0
-17 -45 0
-17 -47 0
-17 -51 0
-17 -52 0
-17 -55 0
-17 -56 0
-17 -60 0
-17 -62 0
-17 -66 0
-17 -67 0
-17 -69 0
-17 -70 0
-17 -74 0
-17 -76 0
-17 -80 0
-17 -81 0
-17 -84 0
-17 -85 0
-17 -87 0
-17 -88 0
-17 -89 0
-17 -91 0
-17 -92 0
-17 -93 0
-17 -95 0
-17 -96 0
-17 -97 0
-17 -99 0
-17 -100 0
-23 -27 0
-23 -34 0
-23 -35 0
-23 -39 0
-23 -40 0
-23 -45 0
-23 -47 0
-23 -51 0
-23 -52 0
-23 -55 0
-23 -56 0
-23 -60 0
-23 -62 0
-23 -66 0
-23 -67 0
-23 -69 0
-23 -70 0
-23 -74 0
-23 -76 0
-23 -80 0
-23 -81 0
-23 -84 0
-23 -85 0
-23 -87 0
-23 -88 0
-23 -89 0
-23 -91 0
-23 -92 0
-23 -93 0
-23 -95 0
-23 -96 0
-23 -97 0
-23 -99 0
-23 -100 0
-27 -34 0
-27 -35 0
-27 -39 0
-27 -40 0
-27 -45 0
-27 -47 0
-27 -51 0
-27 -52 0
-27 -55 0
-27 -56 0
-27 -60 0
-27 -62 0
-27 -66 0
-27 -67 0
-27 -69 0
-27 -70 0
-27 -74 0
-27 -76 0
-27 -80 0
-27 -81 0
-27 -84 0
-27 -85 0
-27 -87 0
-27 -88 0
-27 -89 0
-27 -91 0
-27 -92 0
-27 -93 0
-27 -95 0
-27 -96 0
-27 -97 0
-27 -99 0
-27 -100 0
-34 -35 0
-34 -39 0
-34 -40 0
-34 -45 0
-34 -47 0
-34 -51 0
-34 -52 0
-34 -55 0
-34 -56 0
-34 -60 0
-34 -62 0
-34 -66 0
-34 -67 0
-34 -69 0
-34 -70 0
-34 -74 0
-34 -76 0
-34 -80 0
-34 -81 0
-34 -84 0
-34 -85 0
-34 -87 0
-34 -88 0
-34 -89 0
-34 -91 0
-34 -92 0
-34 -93 0
-34 -95 0
-34 -96 0
-34 -97 0
-34 -99 0
-34 -100 0
-35 -39 0
-35 -40 0
-35 -45 0
-35 -47 0
-35 -51 0
-35 -52 0
-35 -55 0
-35 -56 0
-35 -60 0
-35 -62 0
-35 -66 0
-35 -67 0
-35 -69 0
-35 -70 0
-35 -74 0
-35 -76 0
-35 -80 0
-35 -81 0
-35 -84 0
-35 -85 0
-35 -87 0
-35 -88 0
-35 -89 0
-35 -91 0
-35 -92 0
-35 -93 0
-35 -95 0
-35 -96 0
-35 -97 0
-35 -99 0
-35 -100 0
-39 -40 0
-39 -45 0
-39 -47 0
-39 -51 0
-39 -52 0
-39 -55 0
-39 -56 0
-39 -60 0
-39 -62 0
-39 -66 0
-39 -67 0
-39 -69 0
-39 -70 0
-39 -74 0
-39 -76 0
-39 -80 0
-39 -81 0
-39 -84 0
-39 -85 0
-39 -87 0
-39 -88 0
-39 -89 0
-39 -91 0
-39 -92 0
-39 -93 0
-39 -95 0
-39 -96 0
-39 -97 0
-39 -99 0
-39 -100 0
-40 -45 0
-40 -47 0
-40 -51 0
-40 -52 0
-40 -55 0
-40 -56 0
-40 -60 0
-40 -62 0
-40 -66 0
-40 -67 0
-40 -69 0
-40 -70 0
-40 -74 0
-40 -76 0
-40 -80 0
-40 -81 0
-40 -84 0
-40 -85 0
-40 -87 0
-40 -88 0
-40 -89 0
-40 -91 0
-40 -92 0
-40 -93 0
-40 -95 0
-40 -96 0
-40 -97 0
-40 -99 0
-40 -100 0
-45 -47 0
-45 -51 0
-45 -52 0
-45 -55 0
-45 -56 0
-45 -60 0
-45 -62 0
-45 -66 0
-45 -67 0
-45 -69 0
-45 -70 0
-45 -74 0
-45 -76 0
-45 -80 0
-45 -81 0
-45 -84 0
-45 -85 0
-45 -87 0
-45 -88 0
-45 -89 0
-45 -91 0
-45 -92 0
-45 -93 0
-45 -95 0
-45 -96 0
-45 -97 0
-45 -99 0
-45 -100 0
-47 -51 0
-47 -52 0
-47 -55 0
-47 -56 0
-47 -60 0
-47 -62 0
-47 -66 0
-47 -67 0
-47 -69 0
-47 -70 0
-47 -74 0
-47 -76 0
-47 -80 0
-47 -81 0
-47 -84 0
-47 -85 0
-47 -87 0
-47 -88 0
-47 -89 0
-47 -91 0
-47 -92 0
-47 -93 0
-47 -95 0
-47 -96 0
-47 -97 0
-47 -99 0
-47 -100 0
-51 -52 0
-51 -55 0
-51 -56 0
-51 -60 0
-51 -62 0
-51 -66 0
-51 -67 0
-51 -69 0
-51 -70 0
-51 -74 0
-51 -76 0
-51 -80 0
-51 -81 0
-51 -84 0
-51 -85 0
-51 -87 0
-51 -88 0
-51 -89 0
-51 -91 0
-51 -92 0
-51 -93 0
-51 -95 0
-51 -96 0
-51 -97 0
-51 -99 0
-51 -100 0
-52 -55 0
-52 -56 0
-52 -60 0
-52 -62 0
-52 -66 0
-52 -67 0
-52 -69 0
-52 -70 0
-52 -74 0
-52 -76 0
-52 -80 0
-52 -81 0
-52 -84 0
-52 -85 0
-52 -87 0
-52 -88 0
-52 -89 0
-52 -91 0
-52 -92 0
-52 -93 0
-52 -95 0
-52 -96 0
-52 -97 0
-52 -99 0
-52 -100 0
-55 -56 0
-55 -60 0
-55 -62 0
-55 -66 0
-55 -67 0
-55 -69 0
-55 -70 0
-55 -74 0
-55 -76 0
-55 -80 0
-55 -81 0
-55 -84 0
-55 -85 0
-55 -87 0
-55 -88 0
-55 -89 0
-55 -91 0
-55 -92 0
-55 -93 0
-55 -95 0
-55 -96 0
-55 -97 0
-55 -99 0
-55 -100 0
-56 -60 0
-56 -62 0
-56 -66 0
-56 -67 0
-56 -69 0
-56 -70 0
-56 -74 0
-56 -76 0
-56 -80 0
-56 -81 0
-56 -84 0
-56 -85 0
-56 -87 0
-56 -88 0
-56 -89 0
-56 -91 0
-56 -92 0
-56 -93 0
-56 -95 0
-56 -96 0
-56 -97 0
-56 -99 0
-56 -100 0
-60 -62 0
-60 -66 0
-60 -67 0
-60 -69 0
-60 -70 0
-60 -74 0
-60 -76 0
-60 -80 0
-60 -81 0
-60 -84 0
-60 -85 0
-60 -87 0
-60 -88 0
-60 -89 0
-60 -91 0
-60 -92 0
-60 -93 0
-60 -95 0
-60 -96 0
-60 -97 0
-60 -99 0
-60 -100 0
-62 -66 0
-62 -67 0
-62 -69 0
-62 -70 0
-62 -74 0
-62 -76 0
-62 -80 0
-62 -81 0
-62 -84 0
-62 -85 0
-62 -87 0
-62 -88 0
-62 -89 0
-62 -91 0
-62 -92 0
-62 -93 0
-62 -95 0
-62 -96 0
-62 -97 0
-62 -99 0
-62 -100 0
-66 -67 0
-66 -69 0
-66 -70 0
-66 -74 0
-66 -76 0
-66 -80 0
-66 -81 0
-66 -84 0
-66 -85 0
-66 -87 0
-66 -88 0
-66 -89 0
-66 -91 0
-66 -92 0
-66 -93 0
-66 -95 0
-66 -96 0
-66 -97 0
-66 -99 0
-66 -100 0
-67 -69 0
-67 -70 0
-67 -74 0
-67 -76 0
-67 -80 0
-67 -81 0
-67 -84 0
-67 -85 0
-67 -87 0
-67 -88 0
-67 -89 0
-67 -91 0
-67 -92 0
-67 -93 0
-67 -95 0
-67 -96 0
-67 -97 0
-67 -99 0
-67 -100 0
-69 -70 0
-69 -74 0
-69 -76 0
-69 -80 0
-69 -81 0
-69 -84 0
-69 -85 0
-69 -87 0
-69 -88 0
-69 -89 0
-69 -91 0
-69 -92 0
-69 -93 0
-69 -95 0
-69 -96 0
-69 -97 0
-69 -99 0
-69 -100 0
-70 -74 0
-70 -76 0
-70 -80 0
-70 -81 0
-70 -84 0
-70 -85 0
-70 -87 0
-70 -88 0
-70 -89 0
-70 -91 0
-70 -92 0
-70 -93 0
-70 -95 0
-70 -96 0
-70 -97 0
-70 -99 0
-70 -100 0
-74 -76 0
-74 -80 0
-74 -81 0
-74 -84 0
-74 -85 0
-74 -87 0
-74 -88 0
-74 -89 0
-74 -91 0
-74 -92 0
-74 -93 0
-74 -95 0
-74 -96 0
-74 -97 0
-74 -99 0
-74 -100 0
-76 -80 0
-76 -81 0
-76 -84 0
-76 -85 0
-76 -87 0
-76 -88 0
-76 -89 0
-76 -91 0
-76 -92 0
-76 -93 0
-76 -95 0
-76 -96 0
-76 -97 0
-76 -99 0
-76 -100 0
-80 -81 0
-80 -84 0
-80 -85 0
-80 -87 0
-80 -88 0
-80 -89 0
-80 -91 0
-80 -92 0
-80 -93 0
-80 -95 0
-80 -96 0
-80 -97 0
-80 -99 0
-80 -100 0
-81 -84 0
-81 -85 0
-81 -87 0
-81 -88 0
-81 -89 0
-81 -91 0
-81 -92 0
-81 -93 0
-81 -95 0
-81 -96 0
-81 -97 0
-81 -99 0
-81 -100 0
-84 -85 0
-84 -87 0
-84 -88 0
-84 -89 0
-84 -91 0
-84 -92 0
-84 -93 0
-84 -95 0
-84 -96 0
-84 -97 0
-84 -99 0
-84 -100 0
-85 -87 0
-85 -88 0
-85 -89 0
-85 -91 0
-85 -92 0
-85 -93 0
-85 -95 0
-85 -96 0
-85 -97 0
-85 -99 0
-85 -100 0
-87 -88 0
-87 -89 0
-87 -91 0
-87 -92 0
-87 -93 0
-87 -95 0
-87 -96 0
-87 -97 0
-87 -99 0
-87 -100 0
-88 -89 0
-88 -91 0
-88 -92 0
-88 -93 0
-88 -95 0
-88 -96 0
-88 -97 0
-88 -99 0
-88 -100 0
-89 -91 0
-89 -92 0
-89 -93 0
-89 -95 0
-89 -96 0
-89 -97 0
-89 -99 0
-89 -100 0
-91 -92 0
-91 -93 0
-91 -95 0
-91 -96 0
-91 -97 0
-91 -99 0
-91 -100 0
-92 -93 0
-92 -95 0
-92 -96 0
-92 -97 0
-92 -99 0
-92 -100 0
-93 -95 0
-93 -96 0
-93 -97 0
-93 -99 0
-93 -100 0
-95 -96 0
-95 -97 0
-95 -99 0
-95 -100 0
-96 -97 0
-96 -99 0
-96 -100 0
-97 -99 0
-97 -100 0
-99 -100 0
-141 31 0
-141 44 0
-141 33 0
-141 -142 0
-141 143 0
-141 -144 0
-141 145 0
-146 31 0
-146 44 0
-146 38 0
-146 -142 0
-146 147 0
-146 -148 0
-146 145 0
-149 20 0
-149 44 0
-149 22 0
-149 -150 0
-149 151 0
-149 -152 0
-149 153 0
-154 20 0
-154 44 0
-154 38 0
-154 -150 0
-154 147 0
-154 -148 0
-154 153 0
-155 25 0
-155 44 0
-155 22 0
-155 -156 0
-155 151 0
-155 -152 0
-155 157 0
-158 25 0
-158 44 0
-158 33 0
-158 -156 0
-158 143 0
-158 -144 0
-158 157 0
-159 49 0
-159 22 0
-159 33 0
-159 -160 0
-159 161 0
-159 -144 0
-159 162 0
-163 49 0
-163 22 0
-163 38 0
-163 -160 0
-163 164 0
-163 -148 0
-163 162 0
-165 43 0
-165 22 0
-165 44 0
-165 -166 0
-165 167 0
-165 -168 0
-165 153 0
-169 43 0
-169 22 0
-169 38 0
-169 -166 0
-169 164 0
-169 -148 0
-169 153 0
-170 46 0
-170 22 0
-170 44 0
-170 -171 0
-170 167 0
-170 -168 0
-170 157 0
-172 46 0
-172 22 0
-172 33 0
-172 -171 0
-172 161 0
-172 -144 0
-172 157 0
-173 65 0
-173 33 0
-173 22 0
-173 -174 0
-173 175 0
-173 -152 0
-173 162 0
-176 65 0
-176 33 0
-176 38 0
-176 -174 0
-176 177 0
-176 -148 0
-176 162 0
-178 59 0
-178 33 0
-178 44 0
-178 -179 0
-178 180 0
-178 -168 0
-178 145 0
-181 59 0
-181 33 0
-181 38 0
-181 -179 0
-181 177 0
-181 -148 0
-181 145 0
-182 61 0
-182 33 0
-182 44 0
-182 -183 0
-182 180 0
-182 -168 0
-182 157 0
-184 61 0
-184 33 0
-184 22 0
-184 -183 0
-184 175 0
-184 -152 0
-184 157 0
-185 79 0
-185 38 0
-185 22 0
-185 -186 0
-185 187 0
-185 -152 0
-185 162 0
-188 79 0
-188 38 0
-188 33 0
-188 -186 0
-188 189 0
-188 -144 0
-188 162 0
-190 73 0
-190 38 0
-190 44 0
-190 -191 0
-190 192 0
-190 -168 0
-190 145 0
-193 73 0
-193 38 0
-193 33 0
-193 -191 0
-193 189 0
-193 -144 0
-193 145 0
-194 75 0
-194 38 0
-194 44 0
-194 -195 0
-194 192 0
-194 -168 0
-194 153 0
-196 75 0
-196 38 0
-196 22 0
-196 -195 0
-196 187 0
-196 -152 0
-196 153 0
-197 31 0
-197 44 0
-197 -142 0
-197 198 0
-197 145 0
-199 20 0
-199 44 0
-199 -150 0
-199 198 0
-199 153 0
-200 25 0
-200 44 0
-200 -156 0
-200 198 0
-200 157 0
-201 49 0
-201 22 0
-201 -160 0
-201 202 0
-201 162 0
-203 43 0
-203 22 0
-203 -166 0
-203 202 0
-203 153 0
-204 46 0
-204 22 0
-204 -171 0
-204 202 0
-204 157 0
-205 65 0
-205 33 0
-205 -174 0
-205 206 0
-205 162 0
-207 59 0
-207 33 0
-207 -179 0
-207 206 0
-207 145 0
-208 61 0
-208 33 0
-208 -183 0
-208 206 0
-208 157 0
-209 79 0
-209 38 0
-209 -186 0
-209 210 0
-209 162 0
-211 73 0
-211 38 0
-211 -191 0
-211 210 0
-211 145 0
-212 75 0
-212 38 0
-212 -195 0
-212 210 0
-212 153 0
25 -141 -156 0
49 -141 -160 0
43 -141 -166 0
46 -141 -171 0
65 -141 -174 0
59 -141 -179 0
61 -141 -183 0
79 -141 -186 0
73 -141 -191 0
75 -141 -195 0
44 -141 -168 0
38 -141 -148 0
-37 -141 147 0
-42 -141 167 0
-48 -141 161 0
-54 -141 164 0
-58 -141 180 0
-64 -141 175 0
-68 -141 177 0
-72 -141 192 0
-78 -141 187 0
-83 -141 189 0
-50 -141 162 0
-26 -141 157 0
20 -146 -150 0
49 -146 -160 0
43 -146 -166 0
46 -146 -171 0
65 -146 -174 0
59 -146 -179 0
61 -146 -183 0
79 -146 -186 0
73 -146 -191 0
75 -146 -195 0
44 -146 -168 0
33 -146 -144 0
-30 -146 143 0
-42 -146 167 0
-48 -146 161 0
-54 -146 164 0
-58 -146 180 0
-64 -146 175 0
-68 -146 177 0
-72 -146 192 0
-78 -146 187 0
-83 -146 189 0
-50 -146 162 0
-21 -146 153 0
25 -149 -156 0
49 -149 -160 0
43 -149 -166 0
46 -149 -171 0
65 -149 -174 0
59 -149 -179 0
61 -149 -183 0
79 -149 -186 0
73 -149 -191 0
75 -149 -195 0
44 -149 -168 0
38 -149 -148 0
-37 -149 147 0
-42 -149 167 0
-48 -149 161 0
-54 -149 164 0
-58 -149 180 0
-64 -149 175 0
-68 -149 177 0
-72 -149 192 0
-78 -149 187 0
-83 -149 189 0
-50 -149 162 0
-26 -149 157 0
31 -154 -142 0
49 -154 -160 0
43 -154 -166 0
46 -154 -171 0
65 -154 -174 0
59 -154 -179 0
61 -154 -183 0
79 -154 -186 0
73 -154 -191 0
75 -154 -195 0
44 -154 -168 0
22 -154 -152 0
-19 -154 151 0
-42 -154 167 0
-48 -154 161 0
-54 -154 164 0
-58 -154 180 0
-64 -154 175 0
-68 -154 177 0
-72 -154 192 0
-78 -154 187 0
-83 -154 189 0
-50 -154 162 0
-32 -154 145 0
20 -155 -150 0
49 -155 -160 0
43 -155 -166 0
46 -155 -171 0
65 -155 -174 0
59 -155 -179 0
61 -155 -183 0
79 -155 -186 0
73 -155 -191 0
75 -155 -195 0
44 -155 -168 0
33 -155 -144 0
-30 -155 143 0
-42 -155 167 0
-48 -155 161 0
-54 -155 164 0
-58 -155 180 0
-64 -155 175 0
-68 -155 177 0
-72 -155 192 0
-78 -155 187 0
-83 -155 189 0
-50 -155 162 0
-21 -155 153 0
31 -158 -142 0
49 -158 -160 0
43 -158 -166 0
46 -158 -171 0
65 -158 -174 0
59 -158 -179 0
61 -158 -183 0
79 -158 -186 0
73 -158 -191 0
75 -158 -195 0
44 -158 -168 0
22 -158 -152 0
-19 -158 151 0
-42 -158 167 0
-48 -158 161 0
-54 -158 164 0
-58 -158 180 0
-64 -158 175 0
-68 -158 177 0
-72 -158 192 0
-78 -158 187 0
-83 -158 189 0
-50 -158 162 0
-32 -158 145 0
31 -159 -142 0
20 -159 -150 0
25 -159 -156 0
46 -159 -171 0
65 -159 -174 0
59 -159 -179 0
61 -159 -183 0
79 -159 -186 0
73 -159 -191 0
75 -159 -195 0
22 -159 -152 0
38 -159 -148 0
-19 -159 151 0
-30 -159 143 0
-37 -159 147 0
-54 -159 164 0
-58 -159 180 0
-64 -159 175 0
-68 -159 177 0
-72 -159 192 0
-78 -159 187 0
-83 -159 189 0
-32 -159 145 0
-26 -159 157 0
31 -163 -142 0
20 -163 -150 0
25 -163 -156 0
43 -163 -166 0
65 -163 -174 0
59 -163 -179 0
61 -163 -183 0
79 -163 -186 0
73 -163 -191 0
75 -163 -195 0
22 -163 -152 0
33 -163 -144 0
-19 -163 151 0
-30 -163 143 0
-37 -163 147 0
-48 -163 161 0
-58 -163 180 0
-64 -163 175 0
-68 -163 177 0
-72 -163 192 0
-78 -163 187 0
-83 -163 189 0
-32 -163 145 0
-21 -163 153 0
31 -165 -142 0
20 -165 -150 0
25 -165 -156 0
46 -165 -171 0
65 -165 -174 0
59 -165 -179 0
61 -165 -183 0
79 -165 -186 0
73 -165 -191 0
75 -165 -195 0
22 -165 -152 0
38 -165 -148 0
-19 -165 151 0
-30 -165 143 0
-37 -165 147 0
-54 -165 164 0
-58 -165 180 0
-64 -165 175 0
-68 -165 177 0
-72 -165 192 0
-78 -165 187 0
-83 -165 189 0
-32 -165 145 0
-26 -165 157 0
31 -169 -142 0
20 -169 -150 0
25 -169 -156 0
49 -169 -160 0
65 -169 -174 0
59 -169 -179 0
61 -169 -183 0
79 -169 -186 0
73 -169 -191 0
75 -169 -195 0
44 -169 -168 0
22 -169 -152 0
-19 -169 151 0
-30 -169 143 0
-37 -169 147 0
-42 -169 167 0
-58 -169 180 0
-64 -169 175 0
-68 -169 177 0
-72 -169 192 0
-78 -169 187 0
-83 -169 189 0
-50 -169 162 0
-32 -169 145 0
31 -170 -142 0
20 -170 -150 0
25 -170 -156 0
43 -170 -166 0
65 -170 -174 0
59 -170 -179 0
61 -170 -183 0
79 -170 -186 0
73 -170 -191 0
75 -170 -195 0
22 -170 -152 0
33 -170 -144 0
-19 -170 151 0
-30 -170 143 0
-37 -170 147 0
-48 -170 161 0
-58 -170 180 0
-64 -170 175 0
-68 -170 177 0
-72 -170 192 0
-78 -170 187 0
-83 -170 189 0
-32 -170 145 0
-21 -170 153 0
31 -172 -142 0
20 -172 -150 0
25 -172 -156 0
49 -172 -160 0
65 -172 -174 0
59 -172 -179 0
61 -172 -183 0
79 -172 -186 0
73 -172 -191 0
75 -172 -195 0
44 -172 -168 0
22 -172 -152 0
-19 -172 151 0
-30 -172 143 0
-37 -172 147 0
-42 -172 167 0
-58 -172 180 0
-64 -172 175 0
-68 -172 177 0
-72 -172 192 0
-78 -172 187 0
-83 -172 189 0
-50 -172 162 0
-32 -172 145 0
31 -173 -142 0
20 -173 -150 0
25 -173 -156 0
49 -173 -160 0
43 -173 -166 0
46 -173 -171 0
61 -173 -183 0
79 -173 -186 0
73 -173 -191 0
75 -173 -195 0
33 -173 -144 0
38 -173 -148 0
-19 -173 151 0
-30 -173 143 0
-37 -173 147 0
-42 -173 167 0
-48 -173 161 0
-54 -173 164 0
-68 -173 177 0
-72 -173 192 0
-78 -173 187 0
-83 -173 189 0
-21 -173 153 0
-26 -173 157 0
31 -176 -142 0
20 -176 -150 0
25 -176 -156 0
49 -176 -160 0
43 -176 -166 0
46 -176 -171 0
59 -176 -179 0
79 -176 -186 0
73 -176 -191 0
75 -176 -195 0
22 -176 -152 0
33 -176 -144 0
-19 -176 151 0
-30 -176 143 0
-37 -176 147 0
-42 -176 167 0
-48 -176 161 0
-54 -176 164 0
-64 -176 175 0
-72 -176 192 0
-78 -176 187 0
-83 -176 189 0
-32 -176 145 0
-21 -176 153 0
31 -178 -142 0
20 -178 -150 0
25 -178 -156 0
49 -178 -160 0
43 -178 -166 0
46 -178 -171 0
61 -178 -183 0
79 -178 -186 0
73 -178 -191 0
75 -178 -195 0
33 -178 -144 0
38 -178 -148 0
-19 -178 151 0
-30 -178 143 0
-37 -178 147 0
-42 -178 167 0
-48 -178 161 0
-54 -178 164 0
-68 -178 177 0
-72 -178 192 0
-78 -178 187 0
-83 -178 189 0
-21 -178 153 0
-26 -178 157 0
31 -181 -142 0
20 -181 -150 0
25 -181 -156 0
49 -181 -160 0
43 -181 -166 0
46 -181 -171 0
65 -181 -174 0
79 -181 -186 0
73 -181 -191 0
75 -181 -195 0
44 -181 -168 0
33 -181 -144 0
-19 -181 151 0
-30 -181 143 0
-37 -181 147 0
-42 -181 167 0
-48 -181 161 0
-54 -181 164 0
-58 -181 180 0
-72 -181 192 0
-78 -181 187 0
-83 -181 189 0
-50 -181 162 0
-21 -181 153 0
31 -182 -142 0
20 -182 -150 0
25 -182 -156 0
49 -182 -160 0
43 -182 -166 0
46 -182 -171 0
59 -182 -179 0
79 -182 -186 0
73 -182 -191 0
75 -182 -195 0
22 -182 -152 0
33 -182 -144 0
-19 -182 151 0
-30 -182 143 0
-37 -182 147 0
-42 -182 167 0
-48 -182 161 0
-54 -182 164 0
-64 -182 175 0
-72 -182 192 0
-78 -182 187 0
-83 -182 189 0
-32 -182 145 0
-21 -182 153 0
31 -184 -142 0
20 -184 -150 0
25 -184 -156 0
49 -184 -160 0
43 -184 -166 0
46 -184 -171 0
65 -184 -174 0
79 -184 -186 0
73 -184 -191 0
75 -184 -195 0
44 -184 -168 0
33 -184 -144 0
-19 -184 151 0
-30 -184 143 0
-37 -184 147 0
-42 -184 167 0
-48 -184 161 0
-54 -184 164 0
-58 -184 180 0
-72 -184 192 0
-78 -184 187 0
-83 -184 189 0
-50 -184 162 0
-21 -184 153 0
31 -185 -142 0
20 -185 -150 0
25 -185 -156 0
49 -185 -160 0
43 -185 -166 0
46 -185 -171 0
65 -185 -174 0
59 -185 -179 0
61 -185 -183 0
75 -185 -195 0
33 -185 -144 0
38 -185 -148 0
-19 -185 151 0
-30 -185 143 0
-37 -185 147 0
-42 -185 167 0
-48 -185 161 0
-54 -185 164 0
-58 -185 180 0
-64 -185 175 0
-68 -185 177 0
-83 -185 189 0
-21 -185 153 0
-26 -185 157 0
31 -188 -142 0
20 -188 -150 0
25 -188 -156 0
49 -188 -160 0
43 -188 -166 0
46 -188 -171 0
65 -188 -174 0
59 -188 -179 0
61 -188 -183 0
73 -188 -191 0
22 -188 -152 0
38 -188 -148 0
-19 -188 151 0
-30 -188 143 0
-37 -188 147 0
-42 -188 167 0
-48 -188 161 0
-54 -188 164 0
-58 -188 180 0
-64 -188 175 0
-68 -188 177 0
-78 -188 187 0
-32 -188 145 0
-26 -188 157 0
31 -190 -142 0
20 -190 -150 0
25 -190 -156 0
49 -190 -160 0
43 -190 -166 0
46 -190 -171 0
65 -190 -174 0
59 -190 -179 0
61 -190 -183 0
75 -190 -195 0
33 -190 -144 0
38 -190 -148 0
-19 -190 151 0
-30 -190 143 0
-37 -190 147 0
-42 -190 167 0
-48 -190 161 0
-54 -190 164 0
-58 -190 180 0
-64 -190 175 0
-68 -190 177 0
-83 -190 189 0
-21 -190 153 0
-26 -190 157 0
31 -193 -142 0
20 -193 -150 0
25 -193 -156 0
49 -193 -160 0
43 -193 -166 0
46 -193 -171 0
65 -193 -174 0
59 -193 -179 0
61 -193 -183 0
79 -193 -186 0
44 -193 -168 0
38 -193 -148 0
-19 -193 151 0
-30 -193 143 0
-37 -193 147 0
-42 -193 167 0
-48 -193 161 0
-54 -193 164 0
-58 -193 180 0
-64 -193 175 0
-68 -193 177 0
-72 -193 192 0
-50 -193 162 0
-26 -193 157 0
31 -194 -142 0
20 -194 -150 0
25 -194 -156 0
49 -194 -160 0
43 -194 -166 0
46 -194 -171 0
65 -194 -174 0
59 -194 -179 0
61 -194 -183 0
73 -194 -191 0
22 -194 -152 0
38 -194 -148 0
-19 -194 151 0
-30 -194 143 0
-37 -194 147 0
-42 -194 167 0
-48 -194 161 0
-54 -194 164 0
-58 -194 180 0
-64 -194 175 0
-68 -194 177 0
-78 -194 187 0
-32 -194 145 0
-26 -194 157 0
31 -196 -142 0
20 -196 -150 0
25 -196 -156 0
49 -196 -160 0
43 -196 -166 0
46 -196 -171 0
65 -196 -174 0
59 -196 -179 0
61 -196 -183 0
79 -196 -186 0
44 -196 -168 0
38 -196 -148 0
-19 -196 151 0
-30 -196 143 0
-37 -196 147 0
-42 -196 167 0
-48 -196 161 0
-54 -196 164 0
-58 -196 180 0
-64 -196 175 0
-68 -196 177 0
-72 -196 192 0
-50 -196 162 0
-26 -196 157 0
20 -197 -150 0
25 -197 -156 0
49 -197 -160 0
43 -197 -166 0
46 -197 -171 0
65 -197 -174 0
59 -197 -179 0
61 -197 -183 0
79 -197 -186 0
73 -197 -191 0
75 -197 -195 0
44 -197 -168 0
33 -197 -144 0
38 -197 -148 0
-30 -197 143 0
-37 -197 147 0
-42 -197 167 0
-48 -197 161 0
-54 -197 164 0
-58 -197 180 0
-64 -197 175 0
-68 -197 177 0
-72 -197 192 0
-78 -197 187 0
-83 -197 189 0
-50 -197 162 0
-21 -197 153 0
-26 -197 157 0
31 -199 -142 0
25 -199 -156 0
49 -199 -160 0
43 -199 -166 0
46 -199 -171 0
65 -199 -174 0
59 -199 -179 0
61 -199 -183 0
79 -199 -186 0
73 -199 -191 0
75 -199 -195 0
44 -199 -168 0
22 -199 -152 0
38 -199 -148 0
-19 -199 151 0
-37 -199 147 0
-42 -199 167 0
-48 -199 161 0
-54 -199 164 0
-58 -199 180 0
-64 -199 175 0
-68 -199 177 0
-72 -199 192 0
-78 -199 187 0
-83 -199 189 0
-50 -199 162 0
-32 -199 145 0
-26 -199 157 0
31 -200 -142 0
20 -200 -150 0
49 -200 -160 0
43 -200 -166 0
46 -200 -171 0
65 -200 -174 0
59 -200 -179 0
61 -200 -183 0
79 -200 -186 0
73 -200 -191 0
75 -200 -195 0
44 -200 -168 0
22 -200 -152 0
33 -200 -144 0
-19 -200 151 0
-30 -200 143 0
-42 -200 167 0
-48 -200 161 0
-54 -200 164 0
-58 -200 180 0
-64 -200 175 0
-68 -200 177 0
-72 -200 192 0
-78 -200 187 0
-83 -200 189 0
-50 -200 162 0
-32 -200 145 0
-21 -200 153 0
31 -201 -142 0
20 -201 -150 0
25 -201 -156 0
43 -201 -166 0
46 -201 -171 0
65 -201 -174 0
59 -201 -179 0
61 -201 -183 0
79 -201 -186 0
73 -201 -191 0
75 -201 -195 0
22 -201 -152 0
33 -201 -144 0
38 -201 -148 0
-19 -201 151 0
-30 -201 143 0
-37 -201 147 0
-48 -201 161 0
-54 -201 164 0
-58 -201 180 0
-64 -201 175 0
-68 -201 177 0
-72 -201 192 0
-78 -201 187 0
-83 -201 189 0
-32 -201 145 0
-21 -201 153 0
-26 -201 157 0
31 -203 -142 0
20 -203 -150 0
25 -203 -156 0
49 -203 -160 0
46 -203 -171 0
65 -203 -174 0
59 -203 -179 0
61 -203 -183 0
79 -203 -186 0
73 -203 -191 0
75 -203 -195 0
44 -203 -168 0
22 -203 -152 0
38 -203 -148 0
-19 -203 151 0
-30 -203 143 0
-37 -203 147 0
-42 -203 167 0
-54 -203 164 0
-58 -203 180 0
-64 -203 175 0
-68 -203 177 0
-72 -203 192 0
-78 -203 187 0
-83 -203 189 0
-50 -203 162 0
-32 -203 145 0
-26 -203 157 0
31 -204 -142 0
20 -204 -150 0
25 -204 -156 0
49 -204 -160 0
43 -204 -166 0
65 -204 -174 0
59 -204 -179 0
61 -204 -183 0
79 -204 -186 0
73 -204 -191 0
75 -204 -195 0
44 -204 -168 0
22 -204 -152 0
33 -204 -144 0
-19 -204 151 0
-30 -204 143 0
-37 -204 147 0
-42 -204 167 0
-48 -204 161 0
-58 -204 180 0
-64 -204 175 0
-68 -204 177 0
-72 -204 192 0
-78 -204 187 0
-83 -204 189 0
-50 -204 162 0
-32 -204 145 0
-21 -204 153 0
31 -205 -142 0
20 -205 -150 0
25 -205 -156 0
49 -205 -160 0
43 -205 -166 0
46 -205 -171 0
59 -205 -179 0
61 -205 -183 0
79 -205 -186 0
73 -205 -191 0
75 -205 -195 0
22 -205 -152 0
33 -205 -144 0
38 -205 -148 0
-19 -205 151 0
-30 -205 143 0
-37 -205 147 0
-42 -205 167 0
-48 -205 161 0
-54 -205 164 0
-64 -205 175 0
-68 -205 177 0
-72 -205 192 0
-78 -205 187 0
-83 -205 189 0
-32 -205 145 0
-21 -205 153 0
-26 -205 157 0
31 -207 -142 0
20 -207 -150 0
25 -207 -156 0
49 -207 -160 0
43 -207 -166 0
46 -207 -171 0
65 -207 -174 0
61 -207 -183 0
79 -207 -186 0
73 -207 -191 0
75 -207 -195 0
44 -207 -168 0
33 -207 -144 0
38 -207 -148 0
-19 -207 151 0
-30 -207 143 0
-37 -207 147 0
-42 -207 167 0
-48 -207 161 0
-54 -207 164 0
-58 -207 180 0
-68 -207 177 0
-72 -207 192 0
-78 -207 187 0
-83 -207 189 0
-50 -207 162 0
-21 -207 153 0
-26 -207 157 0
31 -208 -142 0
20 -208 -150 0
25 -208 -156 0
49 -208 -160 0
43 -208 -166 0
46 -208 -171 0
65 -208 -174 0
59 -208 -179 0
79 -208 -186 0
73 -208 -191 0
75 -208 -195 0
44 -208 -168 0
22 -208 -152 0
33 -208 -144 0
-19 -208 151 0
-30 -208 143 0
-37 -208 147 0
-42 -208 167 0
-48 -208 161 0
-54 -208 164 0
-58 -208 180 0
-64 -208 175 0
-72 -208 192 0
-78 -208 187 0
-83 -208 189 0
-50 -208 162 0
-32 -208 145 0
-21 -208 153 0
31 -209 -142 0
20 -209 -150 0
25 -209 -156 0
49 -209 -160 0
43 -209 -166 0
46 -209 -171 0
65 -209 -174 0
59 -209 -179 0
61 -209 -183 0
73 -209 -191 0
75 -209 -195 0
22 -209 -152 0
33 -209 -144 0
38 -209 -148 0
-19 -209 151 0
-30 -209 143 0
-37 -209 147 0
-42 -209 167 0
-48 -209 161 0
-54 -209 164 0
-58 -209 180 0
-64 -209 175 0
-68 -209 177 0
-78 -209 187 0
-83 -209 189 0
-32 -209 145 0
-21 -209 153 0
-26 -209 157 0
31 -211 -142 0
20 -211 -150 0
25 -211 -156 0
49 -211 -160 0
43 -211 -166 0
46 -211 -171 0
65 -211 -174 0
59 -211 -179 0
61 -211 -183 0
79 -211 -186 0
75 -211 -195 0
44 -211 -168 0
33 -211 -144 0
38 -211 -148 0
-19 -211 151 0
-30 -211 143 0
-37 -211 147 0
-42 -211 167 0
-48 -211 161 0
-54 -211 164 0
-58 -211 180 0
-64 -211 175 0
-68 -211 177 0
-72 -211 192 0
-83 -211 189 0
-50 -211 162 0
-21 -211 153 0
-26 -211 157 0
31 -212 -142 0
20 -212 -150 0
25 -212 -156 0
49 -212 -160 0
43 -212 -166 0
46 -212 -171 0
65 -212 -174 0
59 -212 -179 0
61 -212 -183 0
79 -212 -186 0
73 -212 -191 0
44 -212 -168 0
22 -212 -152 0
38 -212 -148 0
-19 -212 151 0
-30 -212 143 0
-37 -212 147 0
-42 -212 167 0
-48 -212 161 0
-54 -212 164 0
-58 -212 180 0
-64 -212 175 0
-68 -212 177 0
-72 -212 192 0
-78 -212 187 0
-50 -212 162 0
-32 -212 145 0
-26 -212 157 0
213 214 215 216 217 218 219 220 221 222 223 224 225 226 227 228 229 230 231 232 233 234 235 236 237 238 239 240 241 242 243 244 245 246 247 248 0
-141 -146 0
-141 -149 0
-141 -154 0
-141 -155 0
-141 -158 0
-141 -159 0
-141 -163 0
-141 -165 0
-141 -169 0
-141 -170 0
-141 -172 0
-141 -173 0
-141 -176 0
-141 -178 0
-141 -181 0
-141 -182 0
-141 -184 0
-141 -185 0
-141 -188 0
-141 -190 0
-141 -193 0
-141 -194 0
-141 -196 0
-141 -197 0
-141 -199 0
-141 -200 0
-141 -201 0
-141 -203 0
-141 -204 0
-141 -205 0
-141 -207 0
-141 -208 0
-141 -209 0
-141 -211 0
-141 -212 0
-146 -149 0
-146 -154 0
-146 -155 0
-146 -158 0
-146 -159 0
-146 -163 0
-146 -165 0
-146 -169 0
-146 -170 0
-146 -172 0
-146 -173 0
-146 -176 0
-146 -178 0
-146 -181 0
-146 -182 0
-146 -184 0
-146 -185 0
-146 -188 0
-146 -190 0
-146 -193 0
-146 -194 0
-146 -196 0
-146 -197 0
-146 -199 0
-146 -200 0
-146 -201 0
-146 -203 0
-146 -204 0
-146 -205 0
-146 -207 0
-146 -208 0
-146 -209 0
-146 -211 0
-146 -212 0
-149 -154 0
-149 -155 0
-149 -158 0
-149 -159 0
-149 -163 0
-149 -165 0
-149 -169 0
-149 -170 0
-149 -172 0
-149 -173 0
-149 -176 0
-149 -178 0
-149 -181 0
-149 -182 0
-149 -184 0
-149 -185 0
-149 -188 0
-149 -190 0
-149 -193 0
-149 -194 0
-149 -196 0
-149 -197 0
-149 -199 0
-149 -200 0
-149 -201 0
-149 -203 0
-149 -204 0
-149 -205 0
-149 -207 0
-149 -208 0
-149 -209 0
-149 -211 0
-149 -212 0
-154 -155 0
-154 -158 0
-154 -159 0
-154 -163 0
-154 -165 0
-154 -169 0
-154 -170 0
-154 -172 0
-154 -173 0
-154 -176 0
-154 -178 0
-154 -181 0
-154 -182 0
-154 -184 0
-154 -185 0
-154 -188 0
-154 -190 0
-154 -193 0
-154 -194 0
-154 -196 0
-154 -197 0
-154 -199 0
-154 -200 0
-154 -201 0
-154 -203 0
-154 -204 0
-154 -205 0
-154 -207 0
-154 -208 0
-154 -209 0
-154 -211 0
-154 -212 0
-155 -158 0
-155 -159 0
-155 -163 0
-155 -165 0
-155 -169 0
-155 -170 0
-155 -172 0
-155 -173 0
-155 -176 0
-155 -178 0
-155 -181 0
-155 -182 0
-155 -184 0
-155 -185 0
-155 -188 0
-155 -190 0
-155 -193 0
-155 -194 0
-155 -196 0
-155 -197 0
-155 -199 0
-155 -200 0
-155 -201 0
-155 -203 0
-155 -204 0
-155 -205 0
-155 -207 0
-155 -208 0
-155 -209 0
-155 -211 0
-155 -212 0
-158 -159 0
-158 -163 0
-158 -165 0
-158 -169 0
-158 -170 0
-158 -172 0
-158 -173 0
-158 -176 0
-158 -178 0
-158 -181 0
-158 -182 0
-158 -184 0
-158 -185 0
-158 -188 0
-158 -190 0
-158 -193 0
-158 -194 0
-158 -196 0
-158 -197 0
-158 -199 0
-158 -200 0
-158 -201 0
-158 -203 0
-158 -204 0
-158 -205 0
-158 -207 0
-158 -208 0
-158 -209 0
-158 -211 0
-158 -212 0
-159 -163 0
-159 -165 0
-159 -169 0
-159 -170 0
-159 -172 0
-159 -173 0
-159 -176 0
-159 -178 0
-159 -181 0
-159 -182 0
-159 -184 0
-159 -185 0
-159 -188 0
-159 -190 0
-159 -193 0
-159 -194 0
-159 -196 0
-159 -197 0
-159 -199 0
-159 -200 0
-159 -201 0
-159 -203 0
-159 -204 0
-159 -205 0
-159 -207 0
-159 -208 0
-159 -209 0
-159 -211 0
-159 -212 0
-163 -165 0
-163 -169 0
-163 -170 0
-163 -172 0
-163 -173 0
-163 -176 0
-163 -178 0
-163 -181 0
-163 -182 0
-163 -184 0
-163 -185 0
-163 -188 0
-163 -190 0
-163 -193 0
-163 -194 0
-163 -196 0
-163 -197 0
-163 -199 0
-163 -200 0
-163 -201 0
-163 -203 0
-163 -204 0
-163 -205 0
-163 -207 0
-163 -208 0
-163 -209 0
-163 -211 0
-163 -212 0
-165 -169 0
-165 -170 0
-165 -172 0
-165 -173 0
-165 -176 0
-165 -178 0
-165 -181 0
-165 -182 0
-165 -184 0
-165 -185 0
-165 -188 0
-165 -190 0
-165 -193 0
-165 -194 0
-165 -196 0
-165 -197 0
-165 -199 0
-165 -200 0
-165 -201 0
-165 -203 0
-165 -204 0
-165 -205 0
-165 -207 0
-165 -208 0
-165 -209 0
-165 -211 0
-165 -212 0
-169 -170 0
-169 -172 0
-169 -173 0
-169 -176 0
-169 -178 0
-169 -181 0
-169 -182 0
-169 -184 0
-169 -185 0
-169 -188 0
-169 -190 0
-169 -193 0
-169 -194 0
-169 -196 0
-169 -197 0
-169 -199 0
-169 -200 0
-169 -201 0
-169 -203 0
-169 -204 0
-169 -205 0
-169 -207 0
-169 -208 0
-169 -209 0
-169 -211 0
-169 -212 0
-170 -172 0
-170 -173 0
-170 -176 0
-170 -178 0
-170 -181 0
-170 -182 0
-170 -184 0
-170 -185 0
-170 -188 0
-170 -190 0
-170 -193 0
-170 -194 0
-170 -196 0
-170 -197 0
-170 -199 0
-170 -200 0
-170 -201 0
-170 -203 0
-170 -204 0
-170 -205 0
-170 -207 0
-170 -208 0
-170 -209 0
-170 -211 0
-170 -212 0
-172 -173 0
-172 -176 0
-172 -178 0
-172 -181 0
-172 -182 0
-172 -184 0
-172 -185 0
-172 -188 0
-172 -190 0
-172 -193 0
-172 -194 0
-172 -196 0
-172 -197 0
-172 -199 0
-172 -200 0
-172 -201 0
-172 -203 0
-172 -204 0
-172 -205 0
-172 -207 0
-172 -208 0
-172 -209 0
-172 -211 0
-172 -212 0
-173 -176 0
-173 -178 0
-173 -181 0
-173 -182 0
-173 -184 0
-173 -185 0
-173 -188 0
-173 -190 0
-173 -193 0
-173 -194 0
-173 -196 0
-173 -197 0
-173 -199 0
-173 -200 0
-173 -201 0
-173 -203 0
-173 -204 0
-173 -205 0
-173 -207 0
-173 -208 0
-173 -209 0
-173 -211 0
-173 -212 0
-176 -178 0
-176 -181 0
-176 -182 0
-176 -184 0
-176 -185 0
-176 -188 0
-176 -190 0
-176 -193 0
-176 -194 0
-176 -196 0
-176 -197 0
-176 -199 0
-176 -200 0
-176 -201 0
-176 -203 0
-176 -204 0
-176 -205 0
-176 -207 0
-176 -208 0
-176 -209 0
-176 -211 0
-176 -212 0
-178 -181 0
-178 -182 0
-178 -184 0
-178 -185 0
-178 -188 0
-178 -190 0
-178 -193 0
-178 -194 0
-178 -196 0
-178 -197 0
-178 -199 0
-178 -200 0
-178 -201 0
-178 -203 0
-178 -204 0
-178 -205 0
-178 -207 0
-178 -208 0
-178 -209 0
-178 -211 0
-178 -212 0
-181 -182 0
-181 -184 0
-181 -185 0
-181 -188 0
-181 -190 0
-181 -193 0
-181 -194 0
-181 -196 0
-181 -197 0
-181 -199 0
-181 -200 0
-181 -201 0
-181 -203 0
-181 -204 0
-181 -205 0
-181 -207 0
-181 -208 0
-181 -209 0
-181 -211 0
-181 -212 0
-182 -184 0
-182 -185 0
-182 -188 0
-182 -190 0
-182 -193 0
-182 -194 0
-182 -196 0
-182 -197 0
-182 -199 0
-182 -200 0
-182 -201 0
-182 -203 0
-182 -204 0
-182 -205 0
-182 -207 0
-182 -208 0
-182 -209 0
-182 -211 0
-182 -212 0
-184 -185 0
-184 -188 0
-184 -190 0
-184 -193 0
-184 -194 0
-184 -196 0
-184 -197 0
-184 -199 0
-184 -200 0
-184 -201 0
-184 -203 0
-184 -204 0
-184 -205 0
-184 -207 0
-184 -208 0
-184 -209 0
-184 -211 0
-184 -212 0
-185 -188 0
-185 -190 0
-185 -193 0
-185 -194 0
-185 -196 0
-185 -197 0
-185 -199 0
-185 -200 0
-185 -201 0
-185 -203 0
-185 -204 0
-185 -205 0
-185 -207 0
-185 -208 0
-185 -209 0
-185 -211 0
-185 -212 0
-188 -190 0
-188 -193 0
-188 -194 0
-188 -196 0
-188 -197 0
-188 -199 0
-188 -200 0
-188 -201 0
-188 -203 0
-188 -204 0
-188 -205 0
-188 -207 0
-188 -208 0
-188 -209 0
-188 -211 0
-188 -212 0
-190 -193 0
-190 -194 0
-190 -196 0
-190 -197 0
-190 -199 0
-190 -200 0
-190 -201 0
-190 -203 0
-190 -204 0
-190 -205 0
-190 -207 0
-190 -208 0
-190 -209 0
-190 -211 0
-190 -212 0
-193 -194 0
-193 -196 0
-193 -197 0
-193 -199 0
-193 -200 0
-193 -201 0
-193 -203 0
-193 -204 0
-193 -205 0
-193 -207 0
-193 -208 0
-193 -209 0
-193 -211 0
-193 -212 0
-194 -196 0
-194 -197 0
-194 -199 0
-194 -200 0
-194 -201 0
-194 -203 0
-194 -204 0
-194 -205 0
-194 -207 0
-194 -208 0
-194 -209 0
-194 -211 0
-194 -212 0
-196 -197 0
-196 -199 0
-196 -200 0
-196 -201 0
-196 -203 0
-196 -204 0
-196 -205 0
-196 -207 0
-196 -208 0
-196 -209 0
-196 -211 0
-196 -212 0
-197 -199 0
-197 -200 0
-197 -201 0
-197 -203 0
-197 -204 0
-197 -205 0
-197 -207 0
-197 -208 0
-197 -209 0
-197 -211 0
-197 -212 0
-199 -200 0
-199 -201 0
-199 -203 0
-199 -204 0
-199 -205 0
-199 -207 0
-199 -208 0
-199 -209 0
-199 -211 0
-199 -212 0
-200 -201 0
-200 -203 0
-200 -204 0
-200 -205 0
-200 -207 0
-200 -208 0
-200 -209 0
-200 -211 0
-200 -212 0
-201 -203 0
-201 -204 0
-201 -205 0
-201 -207 0
-201 -208 0
-201 -209 0
-201 -211 0
-201 -212 0
-203 -204 0
-203 -205 0
-203 -207 0
-203 -208 0
-203 -209 0
-203 -211 0
-203 -212 0
-204 -205 0
-204 -207 0
-204 -208 0
-204 -209 0
-204 -211 0
-204 -212 0
-205 -207 0
-205 -208 0
-205 -209 0
-205 -211 0
-205 -212 0
-207 -208 0
-207 -209 0
-207 -211 0
-207 -212 0
-208 -209 0
-208 -211 0
-208 -212 0
-209 -211 0
-209 -212 0
-211 -212 0
-249 151 0
-249 162 0
-249 153 0
-249 -250 0
-249 251 0
-249 -252 0
-249 253 0
-254 151 0
-254 162 0
-254 157 0
-254 -250 0
-254 255 0
-254 -256 0
-254 253 0
-257 143 0
-257 162 0
-257 145 0
-257 -258 0
-257 259 0
-257 -260 0
-257 261 0
-262 143 0
-262 162 0
-262 157 0
-262 -258 0
-262 255 0
-262 -256 0
-262 261 0
-263 147 0
-263 162 0
-263 145 0
-263 -264 0
-263 259 0
-263 -260 0
-263 265 0
-266 147 0
-266 162 0
-266 153 0
-266 -264 0
-266 251 0
-266 -252 0
-266 265 0
-267 167 0
-267 145 0
-267 153 0
-267 -268 0
-267 269 0
-267 -252 0
-267 270 0
-271 167 0
-271 145 0
-271 157 0
-271 -268 0
-271 272 0
-271 -256 0
-271 270 0
-273 161 0
-273 145 0
-273 162 0
-273 -274 0
-273 275 0
-273 -276 0
-273 261 0
-277 161 0
-277 145 0
-277 157 0
-277 -274 0
-277 272 0
-277 -256 0
-277 261 0
-278 164 0
-278 145 0
-278 162 0
-278 -279 0
-278 275 0
-278 -276 0
-278 265 0
-280 164 0
-280 145 0
-280 153 0
-280 -279 0
-280 269 0
-280 -252 0
-280 265 0
-281 180 0
-281 153 0
-281 145 0
-281 -282 0
-281 283 0
-281 -260 0
-281 270 0
-284 180 0
-284 153 0
-284 157 0
-284 -282 0
-284 285 0
-284 -256 0
-284 270 0
-286 175 0
-286 153 0
-286 162 0
-286 -287 0
-286 288 0
-286 -276 0
-286 253 0
-289 175 0
-289 153 0
-289 157 0
-289 -287 0
-289 285 0
-289 -256 0
-289 253 0
-290 177 0
-290 153 0
-290 162 0
-290 -291 0
-290 288 0
-290 -276 0
-290 265 0
-292 177 0
-292 153 0
-292 145 0
-292 -291 0
-292 283 0
-292 -260 0
-292 265 0
-293 192 0
-293 157 0
-293 145 0
-293 -294 0
-293 295 0
-293 -260 0
-293 270 0
-296 192 0
-296 157 0
-296 153 0
-296 -294 0
-296 297 0
-296 -252 0
-296 270 0
-298 187 0
-298 157 0
-298 162 0
-298 -299 0
-298 300 0
-298 -276 0
-298 253 0
-301 187 0
-301 157 0
-301 153 0
-301 -299 0
-301 297 0
-301 -252 0
-301 253 0
-302 189 0
-302 157 0
-302 162 0
-302 -303 0
-302 300 0
-302 -276 0
-302 261 0
-304 189 0
-304 157 0
-304 145 0
-304 -303 0
-304 295 0
-304 -260 0
-304 261 0
-305 151 0
-305 162 0
-305 -250 0
-305 306 0
-305 253 0
-307 143 0
-307 162 0
-307 -258 0
-307 306 0
-307 261 0
-308 147 0
-308 162 0
-308 -264 0
-308 306 0
-308 265 0
-309 167 0
-309 145 0
-309 -268 0
-309 310 0
-309 270 0
-311 161 0
-311 145 0
-311 -274 0
-311 310 0
-311 261 0
-312 164 0
-312 145 0
-312 -279 0
-312 310 0
-312 265 0
-313 180 0
-313 153 0
-313 -282 0
-313 314 0
-313 270 0
-315 175 0
-315 153 0
-315 -287 0
-315 314 0
-315 253 0
-316 177 0
-316 153 0
-316 -291 0
-316 314 0
-316 265 0
-317 192 0
-317 157 0
-317 -294 0
-317 318 0
-317 270 0
-319 187 0
-319 157 0
-319 -299 0
-319 318 0
-319 253 0
-320 189 0
-320 157 0
-320 -303 0
-320 318 0
-320 261 0
147 -249 -264 0
167 -249 -268 0
161 -249 -274 0
164 -249 -279 0
180 -249 -282 0
175 -249 -287 0
177 -249 -291 0
192 -249 -294 0
187 -249 -299 0
189 -249 -303 0
162 -249 -276 0
157 -249 -256 0
-156 -249 255 0
-160 -249 275 0
-166 -249 269 0
-171 -249 272 0
-174 -249 288 0
-179 -249 283 0
-183 -249 285 0
-186 -249 300 0
-191 -249 295 0
-195 -249 297 0
-168 -249 270 0
-148 -249 265 0
143 -254 -258 0
167 -254 -268 0
161 -254 -274 0
164 -254 -279 0
180 -254 -282 0
175 -254 -287 0
177 -254 -291 0
192 -254 -294 0
187 -254 -299 0
189 -254 -303 0
162 -254 -276 0
153 -254 -252 0
-150 -254 251 0
-160 -254 275 0
-166 -254 269 0
-171 -254 272 0
-174 -254 288 0
-179 -254 283 0
-183 -254 285 0
-186 -254 300 0
-191 -254 295 0
-195 -254 297 0
-168 -254 270 0
-144 -254 261 0
147 -257 -264 0
167 -257 -268 0
161 -257 -274 0
164 -257 -279 0
180 -257 -282 0
175 -257 -287 0
177 -257 -291 0
192 -257 -294 0
187 -257 -299 0
189 -257 -303 0
162 -257 -276 0
157 -257 -256 0
-156 -257 255 0
-160 -257 275 0
-166 -257 269 0
-171 -257 272 0
-174 -257 288 0
-179 -257 283 0
-183 -257 285 0
-186 -257 300 0
-191 -257 295 0
-195 -257 297 0
-168 -257 270 0
-148 -257 265 0
151 -262 -250 0
167 -262 -268 0
161 -262 -274 0
164 -262 -279 0
180 -262 -282 0
175 -262 -287 0
177 -262 -291 0
192 -262 -294 0
187 -262 -299 0
189 -262 -303 0
162 -262 -276 0
145 -262 -260 0
-142 -262 259 0
-160 -262 275 0
-166 -262 269 0
-171 -262 272 0
-174 -262 288 0
-179 -262 283 0
-183 -262 285 0
-186 -262 300 0
-191 -262 295 0
-195 -262 297 0
-168 -262 270 0
-152 -262 253 0
143 -263 -258 0
167 -263 -268 0
161 -263 -274 0
164 -263 -279 0
180 -263 -282 0
175 -263 -287 0
177 -263 -291 0
192 -263 -294 0
187 -263 -299 0
189 -263 -303 0
162 -263 -276 0
153 -263 -252 0
-150 -263 251 0
-160 -263 275 0
-166 -263 269 0
-171 -263 272 0
-174 -263 288 0
-179 -263 283 0
-183 -263 285 0
-186 -263 300 0
-191 -263 295 0
-195 -263 297 0
-168 -263 270 0
-144 -263 261 0
151 -266 -250 0
167 -266 -268 0
161 -266 -274 0
164 -266 -279 0
180 -266 -282 0
175 -266 -287 0
177 -266 -291 0
192 -266 -294 0
187 -266 -299 0
189 -266 -303 0
162 -266 -276 0
145 -266 -260 0
-142 -266 259 0
-160 -266 275 0
-166 -266 269 0
-171 -266 272 0
-174 -266 288 0
-179 -266 283 0
-183 -266 285 0
-186 -266 300 0
-191 -266 295 0
-195 -266 297 0
-168 -266 270 0
-152 -266 253 0
151 -267 -250 0
143 -267 -258 0
147 -267 -264 0
164 -267 -279 0
180 -267 -282 0
175 -267 -287 0
177 -267 -291 0
192 -267 -294 0
187 -267 -299 0
189 -267 -303 0
145 -267 -260 0
157 -267 -256 0
-142 -267 259 0
-150 -267 251 0
-156 -267 255 0
-171 -267 272 0
-174 -267 288 0
-179 -267 283 0
-183 -267 285 0
-186 -267 300 0
-191 -267 295 0
-195 -267 297 0
-152 -267 253 0
-148 -267 265 0
151 -271 -250 0
143 -271 -258 0
147 -271 -264 0
161 -271 -274 0
180 -271 -282 0
175 -271 -287 0
177 -271 -291 0
192 -271 -294 0
187 -271 -299 0
189 -271 -303 0
145 -271 -260 0
153 -271 -252 0
-142 -271 259 0
-150 -271 251 0
-156 -271 255 0
-166 -271 269 0
-174 -271 288 0
-179 -271 283 0
-183 -271 285 0
-186 -271 300 0
-191 -271 295 0
-195 -271 297 0
-152 -271 253 0
-144 -271 261 0
151 -273 -250 0
143 -273 -258 0
147 -273 -264 0
164 -273 -279 0
180 -273 -282 0
175 -273 -287 0
177 -273 -291 0
192 -273 -294 0
187 -273 -299 0
189 -273 -303 0
145 -273 -260 0
157 -273 -256 0
-142 -273 259 0
-150 -273 251 0
-156 -273 255 0
-171 -273 272 0
-174 -273 288 0
-179 -273 283 0
-183 -273 285 0
-186 -273 300 0
-191 -273 295 0
-195 -273 297 0
-152 -273 253 0
-148 -273 265 0
151 -277 -250 0
143 -277 -258 0
147 -277 -264 0
167 -277 -268 0
180 -277 -282 0
175 -277 -287 0
177 -277 -291 0
192 -277 -294 0
187 -277 -299 0
189 -277 -303 0
162 -277 -276 0
145 -277 -260 0
-142 -277 259 0
-150 -277 251 0
-156 -277 255 0
-160 -277 275 0
-174 -277 288 0
-179 -277 283 0
-183 -277 285 0
-186 -277 300 0
-191 -277 295 0
-195 -277 297 0
-168 -277 270 0
-152 -277 253 0
151 -278 -250 0
143 -278 -258 0
147 -278 -264 0
161 -278 -274 0
180 -278 -282 0
175 -278 -287 0
177 -278 -291 0
192 -278 -294 0
187 -278 -299 0
189 -278 -303 0
145 -278 -260 0
153 -278 -252 0
-142 -278 259 0
-150 -278 251 0
-156 -278 255 0
-166 -278 269 0
-174 -278 288 0
-179 -278 283 0
-183 -278 285 0
-186 -278 300 0
-191 -278 295 0
-195 -278 297 0
-152 -278 253 0
-144 -278 261 0
151 -280 -250 0
143 -280 -258 0
147 -280 -264 0
167 -280 -268 0
180 -280 -282 0
175 -280 -287 0
177 -280 -291 0
192 -280 -294 0
187 -280 -299 0
189 -280 -303 0
162 -280 -276 0
145 -280 -260 0
-142 -280 259 0
-150 -280 251 0
-156 -280 255 0
-160 -280 275 0
-174 -280 288 0
-179 -280 283 0
-183 -280 285 0
-186 -280 300 0
-191 -280 295 0
-195 -280 297 0
-168 -280 270 0
-152 -280 253 0
151 -281 -250 0
143 -281 -258 0
147 -281 -264 0
167 -281 -268 0
161 -281 -274 0
164 -281 -279 0
177 -281 -291 0
192 -281 -294 0
187 -281 -299 0
189 -281 -303 0
153 -281 -252 0
157 -281 -256 0
-142 -281 259 0
-150 -281 251 0
-156 -281 255 0
-160 -281 275 0
-166 -281 269 0
-171 -281 272 0
-183 -281 285 0
-186 -281 300 0
-191 -281 295 0
-195 -281 297 0
-144 -281 261 0
-148 -281 265 0
151 -284 -250 0
143 -284 -258 0
147 -284 -264 0
167 -284 -268 0
161 -284 -274 0
164 -284 -279 0
175 -284 -287 0
192 -284 -294 0
187 -284 -299 0
189 -284 -303 0
145 -284 -260 0
153 -284 -252 0
-142 -284 259 0
-150 -284 251 0
-156 -284 255 0
-160 -284 275 0
-166 -284 269 0
-171 -284 272 0
-179 -284 283 0
-186 -284 300 0
-191 -284 295 0
-195 -284 297 0
-152 -284 253 0
-144 -284 261 0
151 -286 -250 0
143 -286 -258 0
147 -286 -264 0
167 -286 -268 0
161 -286 -274 0
164 -286 -279 0
177 -286 -291 0
192 -286 -294 0
187 -286 -299 0
189 -286 -303 0
153 -286 -252 0
157 -286 -256 0
-142 -286 259 0
-150 -286 251 0
-156 -286 255 0
-160 -286 275 0
-166 -286 269 0
-171 -286 272 0
-183 -286 285 0
-186 -286 300 0
-191 -286 295 0
-195 -286 297 0
-144 -286 261 0
-148 -286 265 0
151 -289 -250 0
143 -289 -258 0
147 -289 -264 0
167 -289 -268 0
161 -289 -274 0
164 -289 -279 0
180 -289 -282 0
192 -289 -294 0
187 -289 -299 0
189 -289 -303 0
162 -289 -276 0
153 -289 -252 0
-142 -289 259 0
-150 -289 251 0
-156 -289 255 0
-160 -289 275 0
-166 -289 269 0
-171 -289 272 0
-174 -289 288 0
-186 -289 300 0
-191 -289 295 0
-195 -289 297 0
-168 -289 270 0
-144 -289 261 0
151 -290 -250 0
143 -290 -258 0
147 -290 -264 0
167 -290 -268 0
161 -290 -274 0
164 -290 -279 0
175 -290 -287 0
192 -290 -294 0
187 -290 -299 0
189 -290 -303 0
145 -290 -260 0
153 -290 -252 0
-142 -290 259 0
-150 -290 251 0
-156 -290 255 0
-160 -290 275 0
-166 -290 269 0
-171 -290 272 0
-179 -290 283 0
-186 -290 300 0
-191 -290 295 0
-195 -290 297 0
-152 -290 253 0
-144 -290 261 0
151 -292 -250 0
143 -292 -258 0
147 -292 -264 0
167 -292 -268 0
161 -292 -274 0
164 -292 -279 0
180 -292 -282 0
192 -292 -294 0
187 -292 -299 0
189 -292 -303 0
162 -292 -276 0
153 -292 -252 0
-142 -292 259 0
-150 -292 251 0
-156 -292 255 0
-160 -292 275 0
-166 -292 269 0
-171 -292 272 0
-174 -292 288 0
-186 -292 300 0
-191 -292 295 0
-195 -292 297 0
-168 -292 270 0
-144 -292 261 0
151 -293 -250 0
143 -293 -258 0
147 -293 -264 0
167 -293 -268 0
161 -293 -274 0
164 -293 -279 0
180 -293 -282 0
175 -293 -287 0
177 -293 -291 0
189 -293 -303 0
153 -293 -252 0
157 -293 -256 0
-142 -293 259 0
-150 -293 251 0
-156 -293 255 0
-160 -293 275 0
-166 -293 269 0
-171 -293 272 0
-174 -293 288 0
-179 -293 283 0
-183 -293 285 0
-195 -293 297 0
-144 -293 261 0
-148 -293 265 0
151 -296 -250 0
143 -296 -258 0
147 -296 -264 0
167 -296 -268 0
161 -296 -274 0
164 -296 -279 0
180 -296 -282 0
175 -296 -287 0
177 -296 -291 0
187 -296 -299 0
145 -296 -260 0
157 -296 -256 0
-142 -296 259 0
-150 -296 251 0
-156 -296 255 0
-160 -296 275 0
-166 -296 269 0
-171 -296 272 0
-174 -296 288 0
-179 -296 283 0
-183 -296 285 0
-191 -296 295 0
-152 -296 253 0
-148 -296 265 0
151 -298 -250 0
143 -298 -258 0
147 -298 -264 0
167 -298 -268 0
161 -298 -274 0
164 -298 -279 0
180 -298 -282 0
175 -298 -287 0
177 -298 -291 0
189 -298 -303 0
153 -298 -252 0
157 -298 -256 0
-142 -298 259 0
-150 -298 251 0
-156 -298 255 0
-160 -298 275 0
-166 -298 269 0
-171 -298 272 0
-174 -298 288 0
-179 -298 283 0
-183 -298 285 0
-195 -298 297 0
-144 -298 261 0
-148 -298 265 0
151 -301 -250 0
143 -301 -258 0
147 -301 -264 0
167 -301 -268 0
161 -301 -274 0
164 -301 -279 0
180 -301 -282 0
175 -301 -287 0
177 -301 -291 0
192 -301 -294 0
162 -301 -276 0
157 -301 -256 0
-142 -301 259 0
-150 -301 251 0
-156 -301 255 0
-160 -301 275 0
-166 -301 269 0
-171 -301 272 0
-174 -301 288 0
-179 -301 283 0
-183 -301 285 0
-186 -301 300 0
-168 -301 270 0
-148 -301 265 0
151 -302 -250 0
143 -302 -258 0
147 -302 -264 0
167 -302 -268 0
161 -302 -274 0
164 -302 -279 0
180 -302 -282 0
175 -302 -287 0
177 -302 -291 0
187 -302 -299 0
145 -302 -260 0
157 -302 -256 0
-142 -302 259 0
-150 -302 251 0
-156 -302 255 0
-160 -302 275 0
-166 -302 269 0
-171 -302 272 0
-174 -302 288 0
-179 -302 283 0
-183 -302 285 0
-191 -302 295 0
-152 -302 253 0
-148 -302 265 0
151 -304 -250 0
143 -304 -258 0
147 -304 -264 0
167 -304 -268 0
161 -304 -274 0
164 -304 -279 0
180 -304 -282 0
175 -304 -287 0
177 -304 -291 0
192 -304 -294 0
162 -304 -276 0
157 -304 -256 0
-142 -304 259 0
-150 -304 251 0
-156 -304 255 0
-160 -304 275 0
-166 -304 269 0
-171 -304 272 0
-174 -304 288 0
-179 -304 283 0
-183 -304 285 0
-186 -304 300 0
-168 -304 270 0
-148 -304 265 0
143 -305 -258 0
147 -305 -264 0
167 -305 -268 0
161 -305 -274 0
164 -305 -279 0
180 -305 -282 0
175 -305 -287 0
177 -305 -291 0
192 -305 -294 0
187 -305 -299 0
189 -305 -303 0
162 -305 -276 0
153 -305 -252 0
157 -305 -256 0
-150 -305 251 0
-156 -305 255 0
-160 -305 275 0
-166 -305 269 0
-171 -305 272 0
-174 -305 288 0
-179 -305 283 0
-183 -305 285 0
-186 -305 300 0
-191 -305 295 0
-195 -305 297 0
-168 -305 270 0
-144 -305 261 0
-148 -305 265 0
151 -307 -250 0
147 -307 -264 0
167 -307 -268 0
161 -307 -274 0
164 -307 -279 0
180 -307 -282 0
175 -307 -287 0
177 -307 -291 0
192 -307 -294 0
187 -307 -299 0
189 -307 -303 0
162 -307 -276 0
145 -307 -260 0
157 -307 -256 0
-142 -307 259 0
-156 -307 255 0
-160 -307 275 0
-166 -307 269 0
-171 -307 272 0
-174 -307 288 0
-179 -307 283 0
-183 -307 285 0
-186 -307 300 0
-191 -307 295 0
-195 -307 297 0
-168 -307 270 0
-152 -307 253 0
-148 -307 265 0
151 -308 -250 0
143 -308 -258 0
167 -308 -268 0
161 -308 -274 0
164 -308 -279 0
180 -308 -282 0
175 -308 -287 0
177 -308 -291 0
192 -308 -294 0
187 -308 -299 0
189 -308 -303 0
162 -308 -276 0
145 -308 -260 0
153 -308 -252 0
-142 -308 259 0
-150 -308 251 0
-160 -308 275 0
-166 -308 269 0
-171 -308 272 0
-174 -308 288 0
-179 -308 283 0
-183 -308 285 0
-186 -308 300 0
-191 -308 295 0
-195 -308 297 0
-168 -308 270 0
-152 -308 253 0
-144 -308 261 0
151 -309 -250 0
143 -309 -258 0
147 -309 -264 0
161 -309 -274 0
164 -309 -279 0
180 -309 -282 0
175 -309 -287 0
177 -309 -291 0
192 -309 -294 0
187 -309 -299 0
189 -309 -303 0
145 -309 -260 0
153 -309 -252 0
157 -309 -256 0
-142 -309 259 0
-150 -309 251 0
-156 -309 255 0
-166 -309 269 0
-171 -309 272 0
-174 -309 288 0
-179 -309 283 0
-183 -309 285 0
-186 -309 300 0
-191 -309 295 0
-195 -309 297 0
-152 -309 253 0
-144 -309 261 0
-148 -309 265 0
151 -311 -250 0
143 -311 -258 0
147 -311 -264 0
167 -311 -268 0
164 -311 -279 0
180 -311 -282 0
175 -311 -287 0
177 -311 -291 0
192 -311 -294 0
187 -311 -299 0
189 -311 -303 0
162 -311 -276 0
145 -311 -260 0
157 -311 -256 0
-142 -311 259 0
-150 -311 251 0
-156 -311 255 0
-160 -311 275 0
-171 -311 272 0
-174 -311 288 0
-179 -311 283 0
-183 -311 285 0
-186 -311 300 0
-191 -311 295 0
-195 -311 297 0
-168 -311 270 0
-152 -311 253 0
-148 -311 265 0
151 -312 -250 0
143 -312 -258 0
147 -312 -264 0
167 -312 -268 0
161 -312 -274 0
180 -312 -282 0
175 -312 -287 0
177 -312 -291 0
192 -312 -294 0
187 -312 -299 0
189 -312 -303 0
162 -312 -276 0
145 -312 -260 0
153 -312 -252 0
-142 -312 259 0
-150 -312 251 0
-156 -312 255 0
-160 -312 275 0
-166 -312 269 0
-174 -312 288 0
-179 -312 283 0
-183 -312 285 0
-186 -312 300 0
-191 -312 295 0
-195 -312 297 0
-168 -312 270 0
-152 -312 253 0
-144 -312 261 0
151 -313 -250 0
143 -313 -258 0
147 -313 -264 0
167 -313 -268 0
161 -313 -274 0
164 -313 -279 0
175 -313 -287 0
177 -313 -291 0
192 -313 -294 0
187 -313 -299 0
189 -313 -303 0
145 -313 -260 0
153 -313 -252 0
157 -313 -256 0
-142 -313 259 0
-150 -313 251 0
-156 -313 255 0
-160 -313 275 0
-166 -313 269 0
-171 -313 272 0
-179 -313 283 0
-183 -313 285 0
-186 -313 300 0
-191 -313 295 0
-195 -313 297 0
-152 -313 253 0
-144 -313 261 0
-148 -313 265 0
151 -315 -250 0
143 -315 -258 0
147 -315 -264 0
167 -315 -268 0
161 -315 -274 0
164 -315 -279 0
180 -315 -282 0
177 -315 -291 0
192 -315 -294 0
187 -315 -299 0
189 -315 -303 0
162 -315 -276 0
153 -315 -252 0
157 -315 -256 0
-142 -315 259 0
-150 -315 251 0
-156 -315 255 0
-160 -315 275 0
-166 -315 269 0
-171 -315 272 0
-174 -315 288 0
-183 -315 285 0
-186 -315 300 0
-191 -315 295 0
-195 -315 297 0
-168 -315 270 0
-144 -315 261 0
-148 -315 265 0
151 -316 -250 0
143 -316 -258 0
147 -316 -264 0
167 -316 -268 0
161 -316 -274 0
164 -316 -279 0
180 -316 -282 0
175 -316 -287 0
192 -316 -294 0
187 -316 -299 0
189 -316 -303 0
162 -316 -276 0
145 -316 -260 0
153 -316 -252 0
-142 -316 259 0
-150 -316 251 0
-156 -316 255 0
-160 -316 275 0
-166 -316 269 0
-171 -316 272 0
-174 -316 288 0
-179 -316 283 0
-186 -316 300 0
-191 -316 295 0
-195 -316 297 0
-168 -316 270 0
-152 -316 253 0
-144 -316 261 0
151 -317 -250 0
143 -317 -258 0
147 -317 -264 0
167 -317 -268 0
161 -317 -274 0
164 -317 -279 0
180 -317 -282 0
175 -317 -287 0
177 -317 -291 0
187 -317 -299 0
189 -317 -303 0
145 -317 -260 0
153 -317 -252 0
157 -317 -256 0
-142 -317 259 0
-150 -317 251 0
-156 -317 255 0
-160 -317 275 0
-166 -317 269 0
-171 -317 272 0
-174 -317 288 0
-179 -317 283 0
-183 -317 285 0
-191 -317 295 0
-195 -317 297 0
-152 -317 253 0
-144 -317 261 0
-148 -317 265 0
151 -319 -250 0
143 -319 -258 0
147 -319 -264 0
167 -319 -268 0
161 -319 -274 0
164 -319 -279 0
180 -319 -282 0
175 -319 -287 0
177 -319 -291 0
192 -319 -294 0
189 -319 -303 0
162 -319 -276 0
153 -319 -252 0
157 -319 -256 0
-142 -319 259 0
-150 -319 251 0
-156 -319 255 0
-160 -319 275 0
-166 -319 269 0
-171 -319 272 0
-174 -319 288 0
-179 -319 283 0
-183 -319 285 0
-186 -319 300 0
-195 -319 297 0
-168 -319 270 0
-144 -319 261 0
-148 -319 265 0
151 -320 -250 0
143 -320 -258 0
147 -320 -264 0
167 -320 -268 0
161 -320 -274 0
164 -320 -279 0
180 -320 -282 0
175 -320 -287 0
177 -320 -291 0
192 -320 -294 0
187 -320 -299 0
162 -320 -276 0
145 -320 -260 0
157 -320 -256 0
-142 -320 259 0
-150 -320 251 0
-156 -320 255 0
-160 -320 275 0
-166 -320 269 0
-171 -320 272 0
-174 -320 288 0
-179 -320 283 0
-183 -320 285 0
-186 -320 300 0
-191 -320 295 0
-168 -320 270 0
-152 -320 253 0
-148 -320 265 0
321 322 323 324 325 326 327 328 329 330 331 332 333 334 335 336 337 338 339 340 341 342 343 344 345 346 347 348 349 350 351 352 353 354 355 356 0
-249 -254 0
-249 -257 0
-249 -262 0
-249 -263 0
-249 -266 0
-249 -267 0
-249 -271 0
-249 -273 0
-249 -277 0
-249 -278 0
-249 -280 0
-249 -281 0
-249 -284 0
-249 -286 0
-249 -289 0
-249 -290 0
-249 -292 0
-249 -293 0
-249 -296 0
-249 -298 0
-249 -301 0
-249 -302 0
-249 -304 0
-249 -305 0
-249 -307 0
-249 -308 0
-249 -309 0
-249 -311 0
-249 -312 0
-249 -313 0
-249 -315 0
-249 -316 0
-249 -317 0
-249 -319 0
-249 -320 0
-254 -257 0
-254 -262 0
-254 -263 0
-254 -266 0
-254 -267 0
-254 -271 0
-254 -273 0
-254 -277 0
-254 -278 0
-254 -280 0
-254 -281 0
-254 -284 0
-254 -286 0
-254 -289 0
-254 -290 0
-254 -292 0
-254 -293 0
-254 -296 0
-254 -298 0
-254 -301 0
-254 -302 0
-254 -304 0
-254 -305 0
-254 -307 0
-254 -308 0
-254 -309 0
-254 -311 0
-254 -312 0
-254 -313 0
-254 -315 0
-254 -316 0
-254 -317 0
-254 -319 0
-254 -320 0
-257 -262 0
-257 -263 0
-257 -266 0
-257 -267 0
-257 -271 0
-257 -273 0
-257 -277 0
-257 -278 0
-257 -280 0
-257 -281 0
-257 -284 0
-257 -286 0
-257 -289 0
-257 -290 0
-257 -292 0
-257 -293 0
-257 -296 0
-257 -298 0
-257 -301 0
-257 -302 0
-257 -304 0
-257 -305 0
-257 -307 0
-257 -308 0
-257 -309 0
-257 -311 0
-257 -312 0
-257 -313 0
-257 -315 0
-257 -316 0
-257 -317 0
-257 -319 0
-257 -320 0
-262 -263 0
-262 -266 0
-262 -267 0
-262 -271 0
-262 -273 0
-262 -277 0
-262 -278 0
-262 -280 0
-262 -281 0
-262 -284 0
-262 -286 0
-262 -289 0
-262 -290 0
-262 -292 0
-262 -293 0
-262 -296 0
-262 -298 0
-262 -301 0
-262 -302 0
-262 -304 0
-262 -305 0
-262 -307 0
-262 -308 0
-262 -309 0
-262 -311 0
-262 -312 0
-262 -313 0
-262 -315 0
-262 -316 0
-262 -317 0
-262 -319 0
-262 -320 0
-263 -266 0
-263 -267 0
-263 -271 0
-263 -273 0
-263 -277 0
-263 -278 0
-263 -280 0
-263 -281 0
-263 -284 0
-263 -286 0
-263 -289 0
-263 -290 0
-263 -292 0
-263 -293 0
-263 -296 0
-263 -298 0
-263 -301 0
-263 -302 0
-263 -304 0
-263 -305 0
-263 -307 0
-263 -308 0
-263 -309 0
-263 -311 0
-263 -312 0
-263 -313 0
-263 -315 0
-263 -316 0
-263 -317 0
-263 -319 0
-263 -320 0
-266 -267 0
-266 -271 0
-266 -273 0
-266 -277 0
-266 -278 0
-266 -280 0
-266 -281 0
-266 -284 0
-266 -286 0
-266 -289 0
-266 -290 0
-266 -292 0
-266 -293 0
-266 -296 0
-266 -298 0
-266 -301 0
-266 -302 0
-266 -304 0
-266 -305 0
-266 -307 0
-266 -308 0
-266 -309 0
-266 -311 0
-266 -312 0
-266 -313 0
-266 -315 0
-266 -316 0
-266 -317 0
-266 -319 0
-266 -320 0
-267 -271 0
-267 -273 0
-267 -277 0
-267 -278 0
-267 -280 0
-267 -281 0
-267 -284 0
-267 -286 0
-267 -289 0
-267 -290 0
-267 -292 0
-267 -293 0
-267 -296 0
-267 -298 0
-267 -301 0
-267 -302 0
-267 -304 0
-267 -305 0
-267 -307 0
-267 -308 0
-267 -309 0
-267 -311 0
-267 -312 0
-267 -313 0
-267 -315 0
-267 -316 0
-267 -317 0
-267 -319 0
-267 -320 0
-271 -273 0
-271 -277 0
-271 -278 0
-271 -280 0
-271 -281 0
-271 -284 0
-271 -286 0
-271 -289 0
-271 -290 0
-271 -292 0
-271 -293 0
-271 -296 0
-271 -298 0
-271 -301 0
-271 -302 0
-271 -304 0
-271 -305 0
-271 -307 0
-271 -308 0
-271 -309 0
-271 -311 0
-271 -312 0
-271 -313 0
-271 -315 0
-271 -316 0
-271 -317 0
-271 -319 0
-271 -320 0
-273 -277 0
-273 -278 0
-273 -280 0
-273 -281 0
-273 -284 0
-273 -286 0
-273 -289 0
-273 -290 0
-273 -292 0
-273 -293 0
-273 -296 0
-273 -298 0
-273 -301 0
-273 -302 0
-273 -304 0
-273 -305 0
-273 -307 0
-273 -308 0
-273 -309 0
-273 -311 0
-273 -312 0
-273 -313 0
-273 -315 0
-273 -316 0
-273 -317 0
-273 -319 0
-273 -320 0
-277 -278 0
-277 -280 0
-277 -281 0
-277 -284 0
-277 -286 0
-277 -289 0
-277 -290 0
-277 -292 0
-277 -293 0
-277 -296 0
-277 -298 0
-277 -301 0
-277 -302 0
-277 -304 0
-277 -305 0
-277 -307 0
-277 -308 0
-277 -309 0
-277 -311 0
-277 -312 0
-277 -313 0
-277 -315 0
-277 -316 0
-277 -317 0
-277 -319 0
-277 -320 0
-278 -280 0
-278 -281 0
-278 -284 0
-278 -286 0
-278 -289 0
-278 -290 0
-278 -292 0
-278 -293 0
-278 -296 0
-278 -298 0
-278 -301 0
-278 -302 0
-278 -304 0
-278 -305 0
-278 -307 0
-278 -308 0
-278 -309 0
-278 -311 0
-278 -312 0
-278 -313 0
-278 -315 0
-278 -316 0
-278 -317 0
-278 -319 0
-278 -320 0
-280 -281 0
-280 -284 0
-280 -286 0
-280 -289 0
-280 -290 0
-280 -292 0
-280 -293 0
-280 -296 0
-280 -298 0
-280 -301 0
-280 -302 0
-280 -304 0
-280 -305 0
-280 -307 0
-280 -308 0
-280 -309 0
-280 -311 0
-280 -312 0
-280 -313 0
-280 -315 0
-280 -316 0
-280 -317 0
-280 -319 0
-280 -320 0
-281 -284 0
-281 -286 0
-281 -289 0
-281 -290 0
-281 -292 0
-281 -293 0
-281 -296 0
-281 -298 0
-281 -301 0
-281 -302 0
-281 -304 0
-281 -305 0
-281 -307 0
-281 -308 0
-281 -309 0
-281 -311 0
-281 -312 0
-281 -313 0
-281 -315 0
-281 -316 0
-281 -317 0
-281 -319 0
-281 -320 0
-284 -286 0
-284 -289 0
-284 -290 0
-284 -292 0
-284 -293 0
-284 -296 0
-284 -298 0
-284 -301 0
-284 -302 0
-284 -304 0
-284 -305 0
-284 -307 0
-284 -308 0
-284 -309 0
-284 -311 0
-284 -312 0
-284 -313 0
-284 -315 0
-284 -316 0
-284 -317 0
-284 -319 0
-284 -320 0
-286 -289 0
-286 -290 0
-286 -292 0
-286 -293 0
-286 -296 0
-286 -298 0
-286 -301 0
-286 -302 0
-286 -304 0
-286 -305 0
-286 -307 0
-286 -308 0
-286 -309 0
-286 -311 0
-286 -312 0
-286 -313 0
-286 -315 0
-286 -316 0
-286 -317 0
-286 -319 0
-286 -320 0
-289 -290 0
-289 -292 0
-289 -293 0
-289 -296 0
-289 -298 0
-289 -301 0
-289 -302 0
-289 -304 0
-289 -305 0
-289 -307 0
-289 -308 0
-289 -309 0
-289 -311 0
-289 -312 0
-289 -313 0
-289 -315 0
-289 -316 0
-289 -317 0
-289 -319 0
-289 -320 0
-290 -292 0
-290 -293 0
-290 -296 0
-290 -298 0
-290 -301 0
-290 -302 0
-290 -304 0
-290 -305 0
-290 -307 0
-290 -308 0
-290 -309 0
-290 -311 0
-290 -312 0
-290 -313 0
-290 -315 0
-290 -316 0
-290 -317 0
-290 -319 0
-290 -320 0
-292 -293 0
-292 -296 0
-292 -298 0
-292 -301 0
-292 -302 0
-292 -304 0
-292 -305 0
-292 -307 0
-292 -308 0
-292 -309 0
-292 -311 0
-292 -312 0
-292 -313 0
-292 -315 0
-292 -316 0
-292 -317 0
-292 -319 0
-292 -320 0
-293 -296 0
-293 -298 0
-293 -301 0
-293 -302 0
-293 -304 0
-293 -305 0
-293 -307 0
-293 -308 0
-293 -309 0
-293 -311 0
-293 -312 0
-293 -313 0
-293 -315 0
-293 -316 0
-293 -317 0
-293 -319 0
-293 -320 0
-296 -298 0
-296 -301 0
-296 -302 0
-296 -304 0
-296 -305 0
-296 -307 0
-296 -308 0
-296 -309 0
-296 -311 0
-296 -312 0
-296 -313 0
-296 -315 0
-296 -316 0
-296 -317 0
-296 -319 0
-296 -320 0
-298 -301 0
-298 -302 0
-298 -304 0
-298 -305 0
-298 -307 0
-298 -308 0
-298 -309 0
-298 -311 0
-298 -312 0
-298 -313 0
-298 -315 0
-298 -316 0
-298 -317 0
-298 -319 0
-298 -320 0
-301 -302 0
-301 -304 0
-301 -305 0
-301 -307 0
-301 -308 0
-301 -309 0
-301 -311 0
-301 -312 0
-301 -313 0
-301 -315 0
-301 -316 0
-301 -317 0
-301 -319 0
-301 -320 0
-302 -304 0
-302 -305 0
-302 -307 0
-302 -308 0
-302 -309 0
-302 -311 0
-302 -312 0
-302 -313 0
-302 -315 0
-302 -316 0
-302 -317 0
-302 -319 0
-302 -320 0
-304 -305 0
-304 -307 0
-304 -308 0
-304 -309 0
-304 -311 0
-304 -312 0
-304 -313 0
-304 -315 0
-304 -316 0
-304 -317 0
-304 -319 0
-304 -320 0
-305 -307 0
-305 -308 0
-305 -309 0
-305 -311 0
-305 -312 0
-305 -313 0
-305 -315 0
-305 -316 0
-305 -317 0
-305 -319 0
-305 -320 0
-307 -308 0
-307 -309 0
-307 -311 0
-307 -312 0
-307 -313 0
-307 -315 0
-307 -316 0
-307 -317 0
-307 -319 0
-307 -320 0
-308 -309 0
-308 -311 0
-308 -312 0
-308 -313 0
-308 -315 0
-308 -316 0
-308 -317 0
-308 -319 0
-308 -320 0
-309 -311 0
-309 -312 0
-309 -313 0
-309 -315 0
-309 -316 0
-309 -317 0
-309 -319 0
-309 -320 0
-311 -312 0
-311 -313 0
-311 -315 0
-311 -316 0
-311 -317 0
-311 -319 0
-311 -320 0
-312 -313 0
-312 -315 0
-312 -316 0
-312 -317 0
-312 -319 0
-312 -320 0
-313 -315 0
-313 -316 0
-313 -317 0
-313 -319 0
-313 -320 0
-315 -316 0
-315 -317 0
-315 -319 0
-315 -320 0
-316 -317 0
-316 -319 0
-316 -320 0
-317 -319 0
-317 -320 0
-319 -320 0
283 275 255 261 0
